   2.0000000000000000e+03	
   2.0000000000000000e-02	
   6.3150799999999998e-03	
   3.1318900000000000e-03	
   1.2186000000000000e-03	
   6.8840999999999998e-04	
  -9.1050599999999996e-07	
  -1.8840299999999999e-04	
  -7.0230900000000003e-04	
  -2.2984500000000001e-03	
  -1.9423200000000000e-03	
   1.0219400000000000e-03	
  -1.4953000000000000e-03	
   1.2894200000000001e-03	
   1.1499700000000000e-02	
   1.1321299999999999e-02	
  -7.0135900000000003e-04	
  -1.7452800000000001e-02	
  -1.2924900000000000e-02	
  -3.7397900000000002e-03	
  -1.2660700000000000e-02	
  -7.4392900000000003e-03	
   6.1318199999999996e-03	
   1.9742900000000001e-03	
  -6.4009599999999998e-03	
   9.5028500000000002e-03	
   3.3089300000000002e-02	
   2.3499200000000001e-02	
  -1.6363500000000000e-02	
  -1.5887200000000001e-02	
   8.4049799999999994e-03	
   3.3793299999999998e-03	
  -1.5674400000000002e-02	
  -1.2815500000000001e-02	
   2.5017400000000001e-03	
  -1.2316100000000000e-03	
  -2.4121600000000000e-02	
  -2.3461800000000001e-02	
  -3.4088199999999999e-03	
   1.4475699999999999e-02	
   3.0611800000000002e-02	
   3.9517200000000002e-02	
   3.7199599999999999e-02	
   1.2559200000000000e-02	
  -1.7916600000000001e-02	
  -1.5553600000000001e-02	
   2.1882200000000001e-02	
   6.5543499999999996e-03	
  -3.8189300000000002e-02	
  -5.0071600000000001e-02	
  -2.3806899999999999e-02	
   9.4559899999999992e-03	
   6.2640500000000002e-03	
  -1.2216700000000000e-02	
  -1.3688900000000000e-02	
   1.2231200000000001e-03	
   1.7219399999999999e-02	
   3.2123199999999998e-02	
   5.1521200000000003e-02	
   5.7626400000000001e-02	
   4.0510400000000002e-02	
   8.3656700000000004e-03	
  -1.8488299999999999e-02	
  -3.2015000000000002e-02	
  -2.0264100000000000e-02	
  -2.4904599999999999e-02	
  -3.3421100000000002e-02	
  -3.2622100000000002e-03	
   3.0350300000000000e-02	
   3.4923500000000003e-02	
   1.4593300000000000e-02	
   1.8089299999999999e-02	
   3.4486299999999998e-02	
   2.7097799999999998e-02	
  -3.7781799999999999e-03	
  -1.2659900000000000e-02	
  -1.3793399999999999e-03	
  -1.0317200000000000e-02	
  -1.2040600000000000e-02	
   2.0681300000000000e-02	
   3.6489700000000000e-02	
   6.6570600000000002e-03	
   2.9711099999999999e-03	
   2.9331300000000001e-02	
   3.1215600000000000e-02	
   5.8127700000000001e-03	
  -1.7250800000000001e-05	
   2.2221100000000001e-02	
   2.5066100000000001e-02	
   5.9607799999999997e-03	
  -2.1821699999999999e-02	
  -1.6861200000000000e-02	
  -1.0074899999999999e-02	
  -3.1644600000000002e-02	
  -4.7401400000000003e-02	
   2.5076999999999999e-02	
   5.6798099999999997e-02	
   2.8024100000000000e-02	
   2.5771100000000002e-02	
   6.3847399999999999e-04	
  -1.5536500000000000e-02	
  -2.6688099999999999e-02	
  -1.8593200000000001e-02	
   1.5605500000000000e-02	
   4.3326099999999999e-02	
   1.0278600000000000e-03	
  -3.2403599999999998e-02	
  -2.0260400000000001e-02	
   4.2491099999999997e-02	
   3.4337300000000001e-02	
  -2.3638400000000000e-02	
  -8.8219500000000001e-04	
   5.9482500000000001e-02	
   2.8799900000000000e-02	
  -2.0267199999999999e-02	
  -1.0013200000000000e-02	
   2.5048299999999999e-02	
   3.4521999999999997e-02	
  -2.6283200000000000e-02	
  -2.6502600000000001e-02	
  -1.0815000000000000e-02	
  -1.7665400000000001e-02	
  -2.7530499999999999e-03	
   1.6037300000000001e-02	
   3.2847800000000003e-02	
   3.1594200000000003e-02	
   2.1304300000000002e-02	
   2.8666600000000000e-02	
   5.1182900000000003e-02	
   1.2752299999999999e-02	
  -5.6629300000000000e-02	
  -3.9819800000000002e-02	
   1.2779400000000000e-02	
   3.0090599999999999e-02	
   2.0880900000000001e-02	
   5.3460799999999996e-03	
  -1.4755300000000001e-02	
  -2.2111700000000001e-02	
  -3.5548400000000001e-02	
  -4.9431799999999998e-02	
  -5.7368700000000002e-02	
  -1.6302700000000000e-02	
   3.0111099999999998e-02	
   6.3656599999999994e-02	
   6.2130400000000002e-02	
   3.3936300000000003e-02	
   2.0662799999999999e-02	
   7.7656000000000001e-03	
   1.0788600000000001e-02	
   8.1943999999999993e-03	
  -1.0585100000000000e-02	
  -1.9142300000000001e-02	
  -3.8211800000000000e-03	
  -1.5102700000000000e-02	
  -2.4386100000000001e-02	
  -1.7598400000000000e-02	
  -1.8240300000000001e-02	
  -2.1088599999999999e-02	
  -3.4380599999999997e-02	
  -6.5144199999999999e-02	
  -7.2019399999999997e-02	
  -7.2748099999999996e-02	
  -8.8212799999999994e-02	
  -1.1354700000000000e-01	
  -1.5216099999999999e-01	
  -1.8002000000000001e-01	
  -1.9936599999999999e-01	
  -2.0971000000000001e-01	
  -1.9820199999999999e-01	
  -1.6904100000000000e-01	
  -1.1726399999999999e-01	
  -5.2725099999999997e-02	
   1.5250200000000000e-02	
   6.5202200000000002e-02	
   7.6567499999999997e-02	
   7.9646300000000003e-02	
   8.8075100000000003e-02	
   1.1287200000000000e-01	
   1.3668600000000000e-01	
   1.5453200000000000e-01	
   1.5706100000000001e-01	
   1.3931700000000000e-01	
   9.6043900000000001e-02	
   2.4430100000000000e-02	
  -5.0882200000000002e-02	
  -1.4426200000000000e-01	
  -2.5082500000000002e-01	
  -3.2581399999999999e-01	
  -2.6455699999999999e-01	
  -1.8088199999999999e-01	
  -1.6797899999999999e-01	
  -1.7954700000000001e-01	
  -2.0887100000000000e-01	
  -2.2871100000000000e-01	
  -2.4242800000000000e-01	
  -2.5604800000000000e-01	
  -2.6804600000000001e-01	
  -2.7653600000000000e-01	
  -2.0479500000000000e-01	
   5.8879000000000001e-02	
   2.4212600000000001e-01	
   2.5517499999999999e-01	
   2.2377800000000000e-01	
   2.4597900000000000e-01	
   3.7175000000000002e-01	
   5.3290099999999996e-01	
   6.0448999999999997e-01	
   5.4117199999999999e-01	
   3.9510099999999998e-01	
   2.6264700000000002e-01	
   1.9923199999999999e-01	
   3.7728999999999999e-02	
  -3.1781799999999999e-02	
  -8.8834300000000005e-02	
  -1.6360100000000000e-01	
  -1.6394400000000001e-01	
  -1.4986900000000000e-01	
  -1.3379900000000000e-01	
  -1.2469100000000000e-01	
   1.6211900000000000e-03	
   1.0984200000000000e-01	
   1.2936400000000001e-01	
   1.1684899999999999e-01	
   1.5867700000000001e-01	
   2.5873200000000002e-01	
   3.0132300000000001e-01	
   2.2551299999999999e-01	
   1.0897600000000000e-01	
   1.5214500000000001e-02	
  -1.0765200000000000e-01	
  -1.7150799999999999e-01	
  -1.9178500000000001e-01	
  -2.0130700000000001e-01	
  -1.8149899999999999e-01	
  -1.5038399999999999e-01	
  -9.3925200000000000e-02	
  -6.7270600000000000e-02	
   1.3567500000000000e-02	
   1.1576900000000000e-01	
   1.2500900000000001e-01	
   8.4377900000000006e-02	
   2.2367000000000001e-02	
  -1.5488300000000000e-02	
   9.6250299999999997e-03	
   7.7232599999999998e-02	
   1.0772900000000001e-01	
   1.0241300000000000e-01	
   9.4602000000000006e-02	
   1.0580199999999999e-01	
   1.2439799999999999e-01	
   1.2053800000000001e-01	
   1.0634200000000001e-01	
   9.4713800000000001e-02	
   1.2756500000000001e-01	
   2.1248700000000001e-01	
   3.2549800000000001e-01	
   3.5002100000000003e-01	
   1.9234599999999999e-01	
   3.2138000000000000e-02	
  -7.5725100000000004e-02	
  -1.2388800000000000e-01	
  -1.1661800000000000e-01	
  -8.9631199999999994e-02	
  -8.5542199999999999e-02	
  -9.8965600000000001e-02	
  -7.4593900000000005e-02	
  -5.1979699999999997e-02	
  -5.9608500000000002e-02	
  -7.5805300000000006e-02	
  -8.0838199999999999e-02	
  -8.0513000000000001e-02	
  -7.1069099999999996e-02	
  -6.3111299999999995e-02	
  -5.4485400000000003e-02	
  -6.3904299999999997e-02	
  -1.1802000000000000e-01	
  -1.7681400000000000e-01	
  -2.0056299999999999e-01	
  -2.1760800000000000e-01	
  -2.0827300000000001e-01	
  -8.8077900000000001e-02	
   1.2069500000000000e-02	
   3.5167100000000000e-02	
   3.4297800000000003e-02	
   1.0544700000000001e-02	
  -2.2987100000000000e-02	
  -7.1092600000000006e-02	
  -8.5597400000000004e-02	
  -6.6084100000000007e-02	
  -9.4499500000000004e-03	
   1.4756399999999999e-02	
   8.8399900000000007e-03	
  -3.4448100000000002e-02	
  -9.5137500000000000e-02	
  -1.2076900000000000e-01	
  -1.2778999999999999e-01	
  -1.1149800000000000e-01	
  -7.8920000000000004e-02	
  -4.1170199999999997e-02	
  -2.3717400000000000e-02	
  -2.3655499999999999e-02	
  -1.6665900000000001e-02	
   8.7469899999999996e-03	
   2.1250700000000001e-02	
   8.7930600000000001e-03	
  -1.8462800000000001e-02	
  -4.7812700000000000e-02	
  -7.7380900000000002e-02	
  -1.0495100000000000e-01	
  -1.2671499999999999e-01	
  -1.4291200000000001e-01	
  -1.4088600000000001e-01	
  -1.1743500000000000e-01	
  -1.0143600000000000e-01	
  -1.0199800000000001e-01	
  -1.4982999999999999e-01	
  -2.1470600000000001e-01	
  -2.5064900000000001e-01	
  -2.7544999999999997e-01	
  -2.8942600000000002e-01	
  -2.9835000000000000e-01	
  -2.9074200000000000e-01	
  -2.7914299999999997e-01	
  -2.3903099999999999e-01	
  -1.4900500000000000e-01	
  -5.3640199999999999e-02	
   2.8967000000000000e-02	
   1.0166400000000000e-01	
   1.6875699999999999e-01	
   2.0779800000000001e-01	
   2.3604300000000000e-01	
   2.7047399999999999e-01	
   3.3156999999999998e-01	
   3.9092300000000002e-01	
   4.1544399999999998e-01	
   4.0945100000000001e-01	
   3.5138599999999998e-01	
   2.9491200000000001e-01	
   2.7597500000000003e-01	
   2.6975199999999999e-01	
   2.3971799999999999e-01	
   2.0317700000000000e-01	
   1.9962900000000000e-01	
   2.5414500000000001e-01	
   3.1407000000000002e-01	
   2.9720200000000002e-01	
   1.8492800000000001e-01	
   5.2822300000000003e-02	
  -2.7349399999999999e-02	
  -5.8030600000000002e-02	
  -6.2752900000000000e-02	
  -4.6955799999999999e-02	
  -9.5112500000000006e-03	
   1.7266100000000000e-02	
   1.5859900000000000e-02	
  -2.2316300000000001e-02	
  -6.3006900000000005e-02	
  -7.7344700000000002e-02	
  -7.1232599999999993e-02	
  -3.5084499999999998e-02	
   2.1589100000000000e-02	
   5.9306900000000003e-02	
   6.8359699999999995e-02	
   4.9449199999999999e-02	
   1.2043000000000000e-02	
  -1.7104200000000000e-02	
  -3.3297500000000001e-02	
  -5.6715399999999999e-02	
  -8.5652500000000006e-02	
  -1.0501500000000000e-01	
  -1.0321300000000000e-01	
  -8.5787400000000000e-02	
  -3.0666400000000000e-02	
   4.9412999999999999e-02	
   8.8344599999999995e-02	
   1.0484100000000000e-01	
   9.5372899999999997e-02	
   6.7098800000000000e-02	
   3.1317400000000002e-02	
  -2.4801799999999999e-02	
  -8.4484900000000002e-02	
  -1.3354800000000000e-01	
  -1.6815500000000000e-01	
  -1.9219200000000000e-01	
  -2.1770700000000001e-01	
  -2.3264899999999999e-01	
  -2.4671100000000001e-01	
  -2.2142100000000001e-01	
  -1.0203800000000000e-01	
   1.9021300000000001e-02	
   7.9219899999999996e-02	
   8.8117500000000001e-02	
   4.1455699999999998e-02	
  -4.1289600000000003e-02	
  -8.9940400000000004e-02	
  -9.9225300000000002e-02	
  -8.2911299999999993e-02	
  -2.5290300000000002e-02	
   2.4146200000000000e-02	
   3.3030499999999997e-02	
   2.6036500000000001e-02	
   1.3269299999999999e-02	
   7.7012299999999999e-03	
   1.1439700000000001e-02	
   2.0476999999999999e-02	
   3.8220999999999998e-02	
   5.9620699999999999e-02	
   6.7076999999999998e-02	
   5.9747399999999999e-02	
  -5.6967600000000004e-03	
  -1.0813600000000000e-01	
  -1.6785500000000000e-01	
  -1.9454399999999999e-01	
  -1.9810500000000000e-01	
  -1.8805300000000000e-01	
  -1.7377999999999999e-01	
  -1.5852900000000000e-01	
  -1.2733700000000001e-01	
  -6.7825300000000005e-02	
  -7.6483100000000002e-03	
   3.9604300000000002e-02	
   7.2789000000000006e-02	
   9.0243299999999999e-02	
   9.7875000000000004e-02	
   1.0721700000000001e-01	
   1.1265400000000000e-01	
   9.7191700000000006e-02	
   7.0983800000000000e-02	
   6.0893000000000003e-02	
   7.2513800000000003e-02	
   8.9088899999999999e-02	
   1.0757700000000001e-01	
   1.2333100000000000e-01	
   1.3763600000000001e-01	
   1.6127400000000000e-01	
   1.8240400000000001e-01	
   1.8833800000000001e-01	
   1.5910600000000000e-01	
   1.1351600000000001e-01	
   7.5317800000000004e-02	
   4.0591900000000000e-02	
   1.6229199999999999e-02	
  -5.6100500000000001e-03	
  -7.1880199999999998e-03	
   1.4843900000000000e-02	
   3.4530900000000003e-02	
   3.8496700000000002e-02	
   2.7748900000000000e-02	
   1.1110600000000000e-02	
  -1.3319500000000000e-02	
  -4.6206400000000002e-02	
  -8.1911499999999998e-02	
  -1.1087700000000000e-01	
  -1.3472000000000001e-01	
  -1.4653200000000000e-01	
  -1.3583700000000001e-01	
  -9.5441100000000001e-02	
  -1.7866099999999999e-02	
   6.2356799999999997e-02	
   1.0229199999999999e-01	
   1.2423400000000000e-01	
   1.4868799999999999e-01	
   1.6919600000000001e-01	
   1.7567600000000000e-01	
   1.6392899999999999e-01	
   1.3545900000000000e-01	
   9.5021599999999998e-02	
   4.5140399999999997e-02	
  -1.8943200000000000e-02	
  -5.8346900000000000e-02	
  -7.3036100000000007e-02	
  -7.5164900000000007e-02	
  -7.3867600000000005e-02	
  -7.8728999999999993e-02	
  -8.8860800000000004e-02	
  -9.8477499999999996e-02	
  -9.1131599999999993e-02	
  -7.1781300000000006e-02	
  -6.1179499999999998e-02	
  -6.2369000000000001e-02	
  -6.5468899999999997e-02	
  -7.1869600000000006e-02	
  -7.9839999999999994e-02	
  -7.8696699999999994e-02	
  -5.7677699999999998e-02	
  -2.0076600000000000e-02	
   1.6973700000000001e-02	
   4.2748000000000001e-02	
   4.9800100000000000e-02	
   3.4056200000000002e-02	
   8.1960000000000002e-03	
  -3.3209899999999998e-03	
   7.7070799999999998e-03	
   1.3355700000000000e-02	
   2.5577700000000000e-03	
  -1.6610199999999999e-02	
  -2.9748000000000000e-02	
  -3.0984399999999999e-02	
  -2.2196299999999999e-02	
  -1.0305300000000000e-02	
  -5.0698699999999998e-03	
  -1.2179499999999999e-02	
  -2.4217700000000002e-02	
  -3.6570100000000001e-02	
  -5.4540600000000002e-02	
  -6.9017700000000001e-02	
  -7.6256900000000002e-02	
  -7.3098099999999999e-02	
  -5.7945200000000002e-02	
  -2.8183900000000001e-02	
   5.8114999999999998e-03	
   3.7590400000000003e-02	
   7.0147600000000004e-02	
   9.5226099999999994e-02	
   1.0392200000000000e-01	
   9.5444899999999999e-02	
   8.0451700000000001e-02	
   6.6196000000000005e-02	
   5.5850900000000002e-02	
   3.8695300000000002e-02	
   7.9634800000000002e-03	
  -2.0549800000000000e-02	
  -2.4152699999999999e-02	
  -1.1538600000000000e-02	
  -3.2676799999999998e-03	
   7.0531200000000007e-05	
   3.7290200000000000e-03	
   4.9211500000000000e-03	
  -6.5367600000000000e-03	
  -2.4174899999999999e-02	
  -3.8466300000000002e-02	
  -5.1515400000000003e-02	
  -6.7160499999999998e-02	
  -8.4474199999999999e-02	
  -9.9121699999999993e-02	
  -1.1251800000000001e-01	
  -1.1557400000000000e-01	
  -9.9335699999999999e-02	
  -7.6119699999999998e-02	
  -4.8951300000000003e-02	
  -1.9693900000000000e-02	
   8.3242400000000001e-03	
   3.0765000000000001e-02	
   4.0894300000000001e-02	
   2.7822699999999999e-02	
  -1.2222800000000001e-02	
  -4.8203500000000003e-02	
  -6.7367600000000000e-02	
  -7.7858600000000000e-02	
  -7.1162600000000006e-02	
  -4.9201200000000000e-02	
  -1.9094199999999999e-02	
   1.3469000000000000e-02	
   3.4520500000000003e-02	
   4.5561699999999997e-02	
   4.7294400000000000e-02	
   4.2119600000000000e-02	
   4.7329400000000001e-02	
   6.1163400000000000e-02	
   7.2094400000000003e-02	
   7.6134300000000002e-02	
   6.8220900000000001e-02	
   5.9182300000000000e-02	
   5.1410699999999997e-02	
   3.8165600000000001e-02	
  -2.4796499999999999e-03	
  -4.2025399999999997e-02	
  -4.9662400000000002e-02	
  -1.0522300000000000e-02	
   4.9083099999999998e-02	
   7.3143600000000003e-02	
   7.4560000000000001e-02	
   6.2345200000000003e-02	
   4.7115200000000003e-02	
   2.7613499999999999e-02	
   9.3960099999999998e-03	
  -4.6844100000000000e-03	
  -8.7831100000000002e-03	
  -1.0545000000000001e-02	
  -1.3780799999999999e-02	
  -7.5376799999999997e-03	
   1.5930100000000000e-03	
   9.8873099999999998e-03	
   1.4615700000000001e-02	
   1.8265900000000002e-02	
   2.1650900000000001e-02	
   3.3201099999999997e-02	
   5.6420999999999999e-02	
   8.1981899999999996e-02	
   9.6202399999999993e-02	
   9.4111000000000000e-02	
   6.4723400000000000e-02	
   8.5884099999999994e-03	
  -3.3715400000000000e-02	
  -5.4631899999999997e-02	
  -6.5019900000000005e-02	
  -6.2198000000000003e-02	
  -5.2747000000000002e-02	
  -4.3167499999999998e-02	
  -3.0871800000000001e-02	
  -1.3593400000000000e-02	
   4.5959299999999998e-03	
   2.1274600000000001e-02	
   3.4212899999999997e-02	
   3.7920299999999997e-02	
   2.8812299999999999e-02	
   1.7906100000000001e-02	
   1.1788800000000000e-02	
   7.8389800000000006e-03	
   5.6445899999999997e-03	
   2.4210099999999999e-03	
  -5.8750299999999998e-03	
  -1.4888100000000000e-02	
  -1.6819400000000002e-02	
  -1.7343999999999998e-02	
  -1.4598600000000000e-02	
  -3.5033799999999999e-03	
   1.1069000000000001e-02	
   1.4138800000000000e-02	
   3.1642300000000001e-03	
  -1.1868900000000000e-02	
  -2.4489799999999999e-02	
  -2.2083999999999999e-02	
  -1.1374400000000000e-02	
  -1.1818899999999999e-03	
   6.8900000000000003e-03	
   1.4027599999999999e-02	
   1.7132100000000001e-02	
   1.4241000000000000e-02	
   7.1118099999999997e-03	
  -4.3555999999999998e-04	
  -3.2450299999999999e-03	
   3.1437099999999998e-04	
   4.6581499999999998e-03	
   1.0152500000000000e-02	
   1.7914300000000001e-02	
   2.0962700000000001e-02	
   2.4945400000000000e-02	
   2.6994199999999999e-02	
   2.9017399999999999e-02	
   2.9678000000000000e-02	
   2.4861200000000000e-02	
   1.8535699999999999e-02	
   1.1093400000000000e-02	
  -1.3101899999999999e-03	
  -1.7478600000000000e-02	
  -3.1315299999999997e-02	
  -4.1028200000000001e-02	
  -3.9603600000000003e-02	
  -2.9454999999999999e-02	
  -2.3466999999999998e-02	
  -2.1506000000000001e-02	
  -1.8125100000000002e-02	
  -1.5116500000000000e-02	
  -1.2223200000000000e-02	
  -3.9309599999999998e-03	
   5.9436600000000003e-04	
  -6.8920500000000003e-04	
  -2.6113000000000000e-03	
   2.5519200000000002e-06	
   5.9854599999999997e-03	
   5.8198099999999999e-03	
   2.4815400000000000e-04	
  -3.0070800000000001e-03	
   2.8187500000000001e-03	
   1.0040900000000000e-02	
   9.8110400000000000e-03	
   2.3952200000000000e-03	
  -4.0648500000000001e-03	
  -9.2937899999999997e-03	
  -1.4104500000000001e-02	
  -2.0497300000000000e-02	
  -2.8932099999999999e-02	
  -3.7969700000000002e-02	
  -4.6736000000000000e-02	
  -5.3966199999999999e-02	
  -5.8009900000000003e-02	
  -5.6344600000000002e-02	
  -4.5511599999999999e-02	
  -2.5517000000000001e-02	
  -5.9650299999999996e-03	
   6.5448499999999996e-03	
   8.1060500000000001e-03	
   5.8177699999999999e-03	
   1.8250700000000000e-03	
  -1.0008700000000001e-04	
  -1.5050500000000000e-03	
  -2.5275100000000002e-03	
  -2.1984700000000001e-03	
  -2.2468300000000000e-03	
  -4.2158500000000002e-03	
  -7.8811300000000001e-03	
  -8.0447599999999998e-03	
  -6.3193399999999997e-03	
  -2.8232000000000001e-03	
   1.5011800000000000e-03	
   7.6176899999999999e-03	
   8.6770500000000004e-03	
   4.5027899999999996e-03	
   6.6410700000000004e-04	
   2.4568400000000001e-03	
   8.5478599999999991e-03	
   1.3084400000000000e-02	
   1.6439800000000001e-02	
   1.0748799999999999e-02	
  -9.7451099999999995e-04	
  -1.1308500000000001e-02	
  -9.1985999999999995e-03	
   4.5730199999999997e-03	
   1.9588999999999999e-02	
   2.4731400000000001e-02	
   1.4907399999999999e-02	
   3.2045300000000001e-03	
  -5.5638099999999998e-03	
  -1.0732600000000000e-02	
  -1.6878500000000001e-02	
  -2.2135999999999999e-02	
  -2.1275599999999999e-02	
  -1.4171700000000001e-02	
  -8.7048899999999999e-03	
  -8.2514100000000007e-03	
  -1.0758000000000000e-02	
  -8.3634399999999998e-03	
   1.3322600000000000e-03	
   1.0399600000000000e-02	
   2.0377900000000001e-02	
   2.8227400000000000e-02	
   3.4064400000000002e-02	
   3.6298799999999999e-02	
   3.3552600000000002e-02	
   2.5090200000000000e-02	
   1.1991000000000000e-02	
   2.5361500000000000e-03	
   3.1711899999999999e-03	
   1.1643900000000000e-02	
   1.5518499999999999e-02	
   1.5458899999999999e-02	
   1.7990099999999998e-02	
   2.3883300000000000e-02	
   3.0150699999999999e-02	
   3.3327599999999999e-02	
   3.2983499999999999e-02	
   3.3604200000000001e-02	
   2.9795100000000001e-02	
   1.7952500000000000e-02	
   8.2220600000000002e-04	
  -1.6290800000000001e-02	
  -2.2348900000000001e-02	
  -2.2586999999999999e-02	
  -2.2645599999999998e-02	
  -2.5113400000000001e-02	
  -3.3902099999999998e-02	
  -4.3992400000000001e-02	
  -4.9773100000000001e-02	
  -4.5673100000000001e-02	
  -2.8931300000000000e-02	
  -9.5598400000000000e-03	
   6.6557099999999996e-03	
   1.2765100000000000e-02	
   9.3609499999999998e-03	
   2.6060900000000001e-03	
  -7.3770600000000004e-03	
  -1.9441000000000000e-02	
  -3.2602500000000000e-02	
  -3.8945300000000002e-02	
  -3.4840099999999999e-02	
  -2.5755400000000001e-02	
  -2.0326400000000001e-02	
  -1.9736199999999999e-02	
  -2.3014900000000001e-02	
  -2.7344199999999999e-02	
  -2.8667499999999999e-02	
  -2.6386199999999999e-02	
  -2.0751100000000001e-02	
  -1.3167800000000000e-02	
  -2.4571800000000002e-03	
   9.1204400000000005e-03	
   1.9917799999999999e-02	
   2.7670400000000001e-02	
   3.2340599999999997e-02	
   3.2125899999999999e-02	
   2.5540400000000001e-02	
   1.7357600000000001e-02	
   1.0274300000000000e-02	
   1.9598900000000002e-03	
  -3.9126500000000002e-03	
  -9.6729799999999994e-03	
  -1.5713800000000000e-02	
  -1.7707299999999999e-02	
  -1.4124400000000000e-02	
  -6.4299500000000002e-03	
  -4.8578199999999998e-04	
   3.0042599999999999e-03	
   5.0071500000000001e-03	
   7.2170999999999997e-03	
   5.4398700000000003e-03	
   1.0585799999999999e-03	
  -2.0466899999999999e-03	
   1.3648200000000001e-03	
   1.1055400000000000e-02	
   2.3497000000000001e-02	
   3.6677099999999997e-02	
   4.8068000000000000e-02	
   5.4057099999999997e-02	
   5.0411200000000003e-02	
   4.1399199999999997e-02	
   3.1148800000000001e-02	
   2.2553900000000002e-02	
   1.2218900000000000e-02	
  -2.0003199999999999e-03	
  -1.3680700000000000e-02	
  -1.6358600000000001e-02	
  -1.2466700000000001e-02	
  -1.0523899999999999e-02	
  -8.8943500000000005e-03	
  -6.8231100000000003e-03	
  -6.5276800000000001e-03	
  -8.0958000000000002e-03	
  -5.7715900000000001e-03	
   3.4161999999999999e-03	
   1.2845700000000000e-02	
   1.6323600000000001e-02	
   1.0927400000000000e-02	
   2.8149500000000001e-03	
  -6.0955600000000003e-04	
   3.0399600000000001e-04	
   2.5384499999999998e-03	
   9.8963599999999999e-03	
   1.9994999999999999e-02	
   2.5960600000000000e-02	
   2.8221599999999999e-02	
   2.6348500000000000e-02	
   2.0757600000000001e-02	
   1.0314400000000000e-02	
  -5.3776099999999997e-03	
  -1.9435600000000001e-02	
  -2.7578600000000002e-02	
  -3.3712199999999998e-02	
  -4.0526199999999998e-02	
  -4.2681799999999999e-02	
  -3.2865699999999998e-02	
  -1.4350999999999999e-02	
   7.1145399999999999e-03	
   2.5786300000000002e-02	
   3.9126500000000002e-02	
   4.3613199999999998e-02	
   3.7602999999999998e-02	
   2.3987700000000001e-02	
   7.8019700000000001e-03	
  -5.1737900000000002e-03	
  -1.3771700000000000e-02	
  -1.6830999999999999e-02	
  -1.5253400000000000e-02	
  -9.4020400000000004e-03	
  -3.3904999999999999e-03	
   1.6724400000000001e-03	
   5.5215799999999999e-03	
   7.9039699999999997e-03	
   5.7820299999999996e-03	
   7.4289699999999996e-04	
  -1.2107400000000001e-03	
  -1.2794099999999999e-03	
  -1.4500800000000001e-03	
  -1.7298900000000000e-03	
  -4.0619400000000000e-03	
  -2.3741700000000001e-03	
   3.2895699999999999e-03	
   1.1723600000000001e-02	
   2.1513299999999999e-02	
   2.5855099999999999e-02	
   2.5526299999999998e-02	
   1.7737300000000001e-02	
   6.4741099999999999e-03	
  -1.7004900000000000e-03	
  -7.5086900000000002e-03	
  -1.0507799999999999e-02	
  -1.0375499999999999e-02	
  -7.1097900000000004e-03	
  -4.1276300000000002e-03	
  -7.3195200000000004e-03	
  -9.8820699999999997e-03	
  -1.2154900000000000e-02	
  -1.1556500000000001e-02	
  -1.0378699999999999e-02	
  -8.0554600000000004e-03	
  -2.7099400000000001e-03	
   1.0637500000000000e-03	
   4.1968900000000000e-03	
   4.1027499999999996e-03	
   4.3554099999999997e-03	
   3.1229500000000002e-03	
  -3.3737300000000001e-03	
  -1.3692299999999999e-02	
  -2.4067100000000001e-02	
  -3.1212500000000001e-02	
  -3.4672599999999998e-02	
  -3.1496600000000000e-02	
  -2.0857299999999999e-02	
  -8.5033100000000000e-03	
   2.8224800000000000e-03	
   8.4638100000000004e-03	
   5.7105500000000000e-03	
  -1.0696700000000000e-03	
  -7.2684999999999998e-03	
  -1.2292300000000001e-02	
  -1.2262000000000000e-02	
  -6.3187000000000000e-03	
   2.2398499999999998e-03	
   9.5794899999999995e-03	
   1.3410300000000000e-02	
   1.7899100000000001e-02	
   1.8696500000000001e-02	
   1.5462800000000001e-02	
   1.5417600000000000e-02	
   1.8252999999999998e-02	
   2.0353900000000001e-02	
   1.5208700000000000e-02	
   3.4958300000000001e-03	
  -1.1016000000000000e-02	
  -2.3835599999999998e-02	
  -2.9339799999999999e-02	
  -2.7654000000000001e-02	
  -2.3573199999999999e-02	
  -1.9992300000000001e-02	
  -1.9198900000000001e-02	
  -1.5887300000000000e-02	
  -8.0253500000000005e-03	
   1.2227399999999999e-03	
   1.2743400000000000e-02	
   2.3223600000000000e-02	
   3.2974600000000000e-02	
   3.5924200000000003e-02	
   2.8335099999999998e-02	
   1.2734000000000001e-02	
  -7.5267200000000002e-04	
  -5.7529499999999997e-03	
  -9.3405299999999997e-03	
  -1.3286100000000000e-02	
  -1.5068300000000000e-02	
  -9.2769700000000007e-03	
   2.4558499999999999e-03	
   1.2118100000000000e-02	
   1.2229000000000000e-02	
   4.0728900000000000e-03	
  -4.2811400000000001e-03	
  -7.1700100000000001e-03	
  -4.8303499999999997e-03	
   7.6412699999999997e-04	
   5.8863500000000003e-03	
   6.0105699999999998e-03	
  -1.4509499999999999e-03	
  -1.1029000000000001e-02	
  -1.3605700000000000e-02	
  -7.8041600000000001e-03	
   1.5979900000000001e-03	
   7.0456000000000000e-03	
   7.5043899999999997e-03	
   6.3107800000000002e-03	
   3.8136200000000002e-03	
  -5.9094699999999998e-04	
  -6.0634499999999997e-03	
  -9.3235699999999998e-03	
  -1.0069399999999999e-02	
  -9.3096900000000007e-03	
  -7.1097499999999998e-03	
  -6.5897400000000002e-03	
  -9.6407600000000000e-03	
  -1.2435800000000000e-02	
  -9.3718599999999992e-03	
  -4.9258699999999997e-03	
   7.2167800000000001e-04	
   1.3640900000000001e-03	
  -8.2603500000000003e-04	
  -1.0271600000000001e-03	
  -8.5088099999999995e-04	
   1.3898800000000000e-03	
   1.7711800000000000e-03	
   1.3976800000000001e-03	
  -3.3087799999999999e-03	
  -1.1015000000000000e-02	
  -1.8066499999999999e-02	
  -2.0872700000000001e-02	
  -1.4105100000000001e-02	
   6.5545300000000004e-05	
   1.4311700000000000e-02	
   2.5303099999999999e-02	
   3.0657899999999998e-02	
   3.1236099999999999e-02	
   2.6580599999999999e-02	
   2.3045199999999998e-02	
   2.5373699999999999e-02	
   2.5298999999999999e-02	
   2.2509200000000000e-02	
   1.7829299999999999e-02	
   1.1653000000000000e-02	
   7.9043800000000008e-03	
   5.8917700000000002e-03	
   4.0270599999999998e-03	
   1.6513400000000001e-03	
  -4.5714500000000000e-04	
  -8.8058799999999997e-04	
  -3.4980499999999999e-03	
  -3.0065500000000002e-03	
   8.4891399999999998e-04	
   5.1562400000000003e-03	
   9.7654800000000000e-03	
   1.2863100000000001e-02	
   1.4433800000000000e-02	
   1.3960300000000000e-02	
   1.5756400000000000e-02	
   1.7355700000000002e-02	
   1.3926300000000001e-02	
   6.4240800000000004e-03	
  -2.6581199999999999e-03	
  -9.2402999999999999e-03	
  -8.3050799999999994e-03	
  -5.7359399999999997e-04	
   6.2531499999999999e-03	
   8.7296000000000006e-03	
   5.6133800000000003e-03	
  -4.9448700000000005e-04	
  -6.1657999999999999e-03	
  -1.0470300000000000e-02	
  -1.1770900000000001e-02	
  -1.0375700000000000e-02	
  -6.7782199999999997e-03	
  -8.3580000000000004e-04	
   4.7496200000000004e-03	
   6.5579799999999997e-03	
   3.6213000000000000e-03	
  -2.1152699999999998e-03	
  -5.2396200000000004e-03	
  -3.2802899999999999e-03	
  -8.7930500000000004e-04	
  -1.9891499999999999e-03	
  -4.6208400000000002e-03	
  -1.0599100000000000e-02	
  -1.7304699999999999e-02	
  -2.1797899999999999e-02	
  -2.5728999999999998e-02	
  -2.8962499999999999e-02	
  -2.8144599999999999e-02	
  -2.3915700000000002e-02	
  -1.8271099999999998e-02	
  -1.4992900000000000e-02	
  -1.4626800000000001e-02	
  -1.5084900000000000e-02	
  -1.5799899999999999e-02	
  -1.3585600000000000e-02	
  -9.4475099999999992e-03	
  -6.3579900000000000e-03	
  -1.0138200000000000e-02	
  -1.6490800000000000e-02	
  -1.7940299999999999e-02	
  -1.1063500000000000e-02	
   8.5568599999999999e-06	
   7.1576799999999996e-03	
   5.8775299999999997e-03	
  -2.2957799999999999e-03	
  -1.3920800000000001e-02	
  -2.0773199999999999e-02	
  -1.6920700000000000e-02	
  -9.2686799999999996e-03	
  -1.6176999999999999e-03	
   5.4182199999999996e-03	
   9.7552200000000002e-03	
   1.0637499999999999e-02	
   8.0690899999999992e-03	
   6.0647499999999998e-03	
   5.5343199999999997e-03	
   7.8425500000000002e-03	
   1.4192000000000000e-02	
   1.9603099999999998e-02	
   2.0698600000000001e-02	
   1.8936999999999999e-02	
   1.6307400000000000e-02	
   1.2569100000000000e-02	
   9.5192599999999999e-03	
   9.2866800000000003e-03	
   8.8603099999999997e-03	
   6.8019300000000003e-03	
   4.9567400000000003e-03	
  -1.0961300000000000e-04	
  -6.3132600000000002e-03	
  -1.0793100000000000e-02	
  -1.1739700000000000e-02	
  -1.1613200000000001e-02	
  -1.0906300000000001e-02	
  -7.1496900000000002e-03	
  -1.3815900000000000e-03	
   3.2849099999999998e-03	
   5.5034200000000002e-03	
   5.4503800000000003e-03	
   4.1468299999999998e-03	
   4.3447199999999998e-03	
   3.0687100000000001e-03	
   7.4821900000000005e-04	
  -5.2605899999999999e-03	
  -1.5315700000000000e-02	
  -1.9133600000000001e-02	
  -1.5775700000000000e-02	
  -1.1461100000000000e-02	
  -6.8343600000000003e-03	
  -5.3298399999999998e-03	
  -8.9865099999999996e-03	
  -1.0477700000000000e-02	
  -8.1776000000000001e-03	
  -5.3144300000000002e-03	
  -7.7797400000000003e-03	
  -1.5888699999999999e-02	
  -1.8573300000000001e-02	
  -1.8741600000000001e-02	
  -1.8243800000000001e-02	
  -1.5362199999999999e-02	
  -1.1726900000000000e-02	
  -8.7739800000000007e-03	
  -1.0334500000000000e-02	
  -1.5621200000000000e-02	
  -1.8355699999999999e-02	
  -1.7148000000000000e-02	
  -1.8591199999999999e-02	
  -1.8506499999999999e-02	
  -1.5888200000000002e-02	
  -1.0452500000000000e-02	
  -3.9020200000000000e-03	
   2.3281999999999999e-03	
   5.5055599999999996e-03	
   1.0771899999999999e-02	
   1.7677300000000000e-02	
   2.1585000000000000e-02	
   2.2632599999999999e-02	
   2.0196900000000000e-02	
   1.6790200000000002e-02	
   1.4128099999999999e-02	
   1.4498400000000000e-02	
   1.6629300000000000e-02	
   1.8721399999999999e-02	
   2.2940100000000001e-02	
   2.9346799999999999e-02	
   3.0248600000000000e-02	
   2.1923399999999999e-02	
   1.6199300000000000e-02	
   1.2120400000000000e-02	
   3.8411399999999998e-03	
  -6.8198199999999999e-03	
  -1.0425400000000000e-02	
  -8.7688599999999998e-03	
  -3.6197999999999998e-03	
   5.1635099999999996e-03	
   1.2565700000000001e-02	
   1.7385299999999999e-02	
   1.4337700000000000e-02	
   1.0798400000000000e-02	
   7.6772699999999999e-03	
   1.1114799999999999e-02	
   1.6936000000000000e-02	
   1.9447400000000000e-02	
   2.0656200000000000e-02	
   1.9350699999999998e-02	
   1.7980900000000001e-02	
   1.8436999999999999e-02	
   1.8707399999999999e-02	
   1.6959200000000001e-02	
   1.2226500000000000e-02	
   2.6101000000000002e-03	
  -7.2256400000000002e-03	
  -1.4871400000000000e-02	
  -1.5620000000000000e-02	
  -1.0151700000000000e-02	
  -7.9473100000000008e-03	
  -7.4055600000000003e-03	
  -9.0170400000000005e-03	
  -9.8869700000000001e-03	
  -1.1460700000000001e-02	
  -1.0405899999999999e-02	
  -6.9204100000000001e-03	
  -5.0506199999999996e-03	
  -2.6606199999999998e-03	
  -2.0403200000000000e-03	
  -3.0244800000000000e-03	
  -1.1567200000000000e-03	
  -1.3361000000000000e-03	
  -3.9798000000000004e-03	
  -5.3586900000000002e-03	
  -8.1615100000000003e-03	
  -5.7245799999999999e-03	
  -3.8517099999999999e-03	
   1.7064199999999999e-03	
   1.0075700000000000e-02	
   1.4999400000000000e-02	
   1.3428700000000000e-02	
   8.4319000000000009e-03	
   1.7357600000000000e-03	
  -3.0560399999999999e-03	
  -6.3535400000000004e-03	
  -1.2726299999999999e-02	
  -1.9883499999999998e-02	
  -2.6419499999999999e-02	
  -1.7348499999999999e-02	
   9.4946300000000000e-04	
   1.8139700000000002e-02	
   1.3006200000000001e-02	
  -7.6333299999999998e-03	
  -2.9440800000000000e-02	
  -3.0953200000000000e-02	
  -1.4567800000000001e-02	
  -2.0287500000000002e-03	
   9.6942899999999995e-03	
   1.3909100000000001e-02	
   1.4257100000000000e-02	
   1.2136700000000000e-02	
   7.4204199999999996e-03	
   1.8718100000000000e-03	
   4.0486699999999999e-03	
   8.8061400000000005e-03	
   1.3018900000000000e-02	
   1.2416300000000000e-02	
   9.9134199999999992e-03	
   6.1518500000000004e-03	
   1.9220999999999999e-03	
   3.0820399999999999e-03	
   2.6150800000000001e-03	
   3.5240900000000001e-03	
   5.0583800000000003e-03	
   4.9514800000000003e-03	
  -7.2258100000000003e-04	
  -6.0233200000000004e-03	
  -9.3758499999999998e-03	
  -1.6454400000000001e-02	
  -2.2637500000000001e-02	
  -2.4592599999999999e-02	
  -1.8766200000000000e-02	
  -1.1123100000000000e-02	
  -7.8313299999999992e-03	
  -7.2170799999999998e-03	
  -5.0432400000000000e-03	
  -1.7565899999999999e-03	
   1.4168500000000001e-03	
   2.7940700000000001e-03	
   4.2110699999999999e-03	
   3.7369899999999999e-03	
   2.8763299999999999e-03	
   4.7176600000000003e-03	
   6.9792200000000004e-03	
   1.0206700000000001e-02	
   1.5654800000000000e-02	
   1.7967299999999999e-02	
   1.3514300000000000e-02	
   1.1517299999999999e-02	
   1.2378399999999999e-02	
   1.2327700000000000e-02	
   6.2517700000000002e-03	
  -9.7877699999999990e-04	
  -5.2166399999999998e-03	
  -3.9811800000000000e-03	
   9.7217799999999997e-04	
   4.5648599999999996e-03	
   4.9557600000000000e-03	
   4.8285000000000003e-03	
   4.4911300000000003e-03	
   2.6115100000000000e-03	
  -5.8594099999999998e-04	
  -1.9392299999999999e-03	
  -2.0216100000000001e-03	
  -3.7737199999999999e-03	
  -8.9502400000000001e-04	
   3.5728299999999999e-03	
   7.8468800000000005e-03	
   7.4727900000000000e-03	
   2.4209900000000000e-03	
  -2.3421499999999999e-03	
  -9.1157200000000008e-03	
  -1.7550900000000001e-02	
  -2.5158799999999999e-02	
  -3.0375800000000001e-02	
  -2.4410600000000001e-02	
  -1.6494100000000001e-02	
  -1.1407100000000000e-02	
  -9.5524800000000003e-03	
  -1.0246800000000000e-02	
  -5.3638300000000000e-03	
   1.3500800000000000e-03	
   6.8430499999999998e-03	
   7.7827299999999999e-03	
   5.6267299999999999e-03	
   4.9476800000000003e-03	
   3.4852699999999999e-03	
   6.7862599999999997e-03	
   9.8812199999999996e-03	
   8.3157999999999999e-03	
   7.0288299999999998e-03	
   7.9542499999999995e-03	
   1.0871700000000000e-02	
   1.4677600000000001e-02	
   1.5455200000000001e-02	
   1.0991900000000001e-02	
   6.9499300000000000e-03	
   1.8522600000000001e-03	
  -3.3443600000000002e-03	
  -8.1329699999999998e-03	
  -1.2510500000000001e-02	
  -1.5170400000000001e-02	
  -1.2460000000000001e-02	
  -5.9275999999999999e-03	
   4.7849799999999997e-05	
   3.6201800000000002e-03	
   2.4362500000000000e-03	
  -4.0394400000000000e-03	
  -8.7291000000000001e-03	
  -1.1442000000000001e-02	
  -1.0846000000000000e-02	
  -9.7665700000000005e-03	
  -6.9561800000000002e-03	
  -2.3087600000000000e-03	
  -1.6862600000000000e-03	
  -3.9840199999999996e-03	
  -7.1895800000000001e-03	
  -7.3800200000000002e-03	
  -4.4900599999999997e-03	
   6.4594399999999997e-04	
   5.8859899999999998e-03	
   8.7688100000000001e-03	
   6.0304199999999999e-03	
   4.4119800000000002e-03	
   8.2872699999999994e-03	
   1.5596900000000000e-02	
   2.0856300000000001e-02	
   2.4820399999999999e-02	
   2.5537700000000000e-02	
   2.3230799999999999e-02	
   2.0755599999999999e-02	
   1.6323000000000001e-02	
   1.0783700000000000e-02	
   5.1076600000000000e-03	
   3.6738600000000001e-03	
   3.8353300000000001e-03	
  -3.3369900000000002e-03	
  -1.3465299999999999e-02	
  -1.8929100000000001e-02	
  -2.3543300000000000e-02	
  -2.3386899999999999e-02	
  -1.8650699999999999e-02	
  -1.3022000000000001e-02	
  -6.8996600000000002e-03	
  -2.7550800000000000e-03	
  -4.0807600000000001e-03	
  -9.0192799999999993e-03	
  -1.2252400000000000e-02	
  -1.2393800000000000e-02	
  -1.0482000000000000e-02	
  -9.1169300000000005e-03	
  -7.2051199999999998e-03	
  -4.7170099999999998e-03	
  -3.5620500000000002e-03	
  -1.7746800000000001e-03	
   1.2377099999999999e-03	
   2.0091499999999999e-03	
   2.4899000000000002e-03	
   2.7656299999999998e-03	
   8.1979999999999998e-04	
   2.5082300000000002e-03	
   5.1983000000000003e-03	
   8.1066500000000000e-03	
   8.6649199999999996e-03	
   7.7248200000000003e-03	
   7.5752099999999998e-03	
   9.4258199999999997e-03	
   1.1963900000000000e-02	
   1.2375300000000001e-02	
   1.2963199999999999e-02	
   1.4034500000000000e-02	
   1.5255800000000000e-02	
   1.1892200000000000e-02	
   7.5707400000000003e-03	
   2.7617800000000001e-03	
  -2.1257200000000002e-03	
  -3.9450700000000002e-03	
  -2.4147299999999999e-03	
   6.5275000000000001e-04	
   2.7757099999999998e-03	
   5.3637900000000002e-03	
   4.8143500000000002e-03	
   7.9384599999999996e-04	
  -4.7729699999999996e-03	
  -7.1023099999999997e-03	
  -8.8257700000000001e-03	
  -9.8668499999999999e-03	
  -9.3014299999999994e-03	
  -9.6784899999999997e-03	
  -9.2874900000000007e-03	
  -1.0073600000000000e-02	
  -7.9924200000000001e-03	
  -3.5989400000000001e-03	
   4.2428200000000000e-04	
   1.8536399999999999e-03	
   3.5458799999999997e-04	
  -1.0322700000000001e-03	
  -1.9601200000000001e-03	
  -4.5954600000000000e-03	
  -7.1165600000000001e-03	
  -1.1612400000000000e-02	
  -1.3160399999999999e-02	
  -1.0795700000000000e-02	
  -1.0789200000000001e-02	
  -8.9100299999999993e-03	
  -5.1795499999999998e-03	
  -1.6734600000000001e-03	
   3.0474500000000002e-03	
   6.9839699999999999e-03	
   1.0742000000000000e-02	
   1.5061000000000000e-02	
   1.4557499999999999e-02	
   1.2838100000000000e-02	
   1.0810699999999999e-02	
   8.0947899999999993e-03	
   6.8150299999999997e-03	
   5.9667399999999999e-03	
   7.4073300000000002e-03	
   9.8893300000000000e-03	
   1.2497800000000000e-02	
   1.2738899999999999e-02	
   1.0967500000000000e-02	
   7.5936800000000002e-03	
   5.8192299999999999e-03	
   5.2085899999999999e-03	
   6.0004600000000000e-03	
   9.3923099999999992e-03	
   1.4519199999999999e-02	
   1.3388300000000001e-02	
   9.4698500000000001e-03	
   5.5309499999999998e-03	
   2.2999399999999999e-03	
   2.2074700000000000e-03	
  -8.3688700000000003e-04	
  -1.9136600000000000e-03	
  -1.9143299999999999e-03	
  -3.4654099999999999e-03	
  -7.0983000000000001e-03	
  -8.4647600000000000e-03	
  -7.9625700000000004e-03	
  -8.2814900000000007e-03	
  -6.3870000000000003e-03	
  -2.1118399999999998e-03	
   6.6188900000000003e-04	
   1.8189100000000000e-03	
   1.3939200000000001e-03	
   1.0413400000000000e-03	
   2.0239500000000001e-03	
   2.3537499999999999e-03	
  -2.6832599999999999e-04	
  -1.8428600000000000e-03	
  -2.1393400000000000e-03	
  -4.2279600000000002e-03	
  -7.2264100000000000e-03	
  -9.4272300000000000e-03	
  -7.3960700000000002e-03	
  -5.7657699999999999e-03	
  -4.6566899999999998e-03	
  -4.8909499999999998e-03	
  -5.3853000000000000e-03	
  -5.6083399999999999e-03	
  -6.2342800000000000e-03	
  -6.1390799999999999e-03	
  -4.7229899999999998e-03	
  -2.8907300000000002e-03	
  -1.8030699999999999e-03	
  -1.0764900000000000e-03	
  -2.3848099999999998e-03	
  -3.1994599999999999e-03	
  -2.7564400000000002e-03	
  -3.6057600000000000e-03	
  -4.5244500000000002e-03	
  -7.0730899999999998e-03	
  -7.9356800000000005e-03	
  -8.0628399999999999e-03	
  -8.3164899999999993e-03	
  -8.6252199999999994e-03	
  -1.0576100000000000e-02	
  -1.0058700000000000e-02	
  -1.0969200000000000e-02	
  -8.5861500000000007e-03	
  -8.1574200000000003e-03	
  -7.7582700000000003e-03	
  -9.1726800000000008e-03	
  -1.0869600000000000e-02	
  -8.4376199999999998e-03	
  -8.0731499999999994e-03	
  -4.3304499999999996e-03	
  -2.0361400000000001e-03	
  -9.0565399999999999e-04	
  -5.4322900000000000e-04	
   1.8622500000000000e-03	
   4.9409399999999996e-03	
   5.1054799999999999e-03	
   6.2604399999999999e-03	
   7.5010900000000002e-03	
   7.9257300000000006e-03	
   6.1849100000000001e-03	
   4.3084300000000002e-03	
   3.0214999999999999e-03	
   3.1483000000000001e-03	
   2.8834199999999998e-03	
   4.2433999999999996e-03	
   3.4909500000000000e-03	
  -2.2051300000000001e-04	
  -2.7151200000000001e-03	
  -4.4131099999999996e-03	
  -4.1945100000000003e-03	
  -3.4700000000000000e-03	
  -2.4292900000000002e-03	
  -5.6340299999999997e-04	
  -1.2832099999999999e-03	
  -7.1884599999999998e-04	
  -9.1743900000000004e-04	
  -2.5654499999999999e-03	
  -4.0533300000000000e-03	
  -7.1395399999999998e-03	
  -7.9378999999999995e-03	
  -6.6268999999999998e-03	
  -5.4780799999999998e-03	
  -4.4241200000000001e-03	
  -3.2375600000000000e-03	
  -3.0577400000000002e-03	
  -2.5066400000000001e-03	
  -3.0275699999999998e-03	
  -4.5276900000000000e-03	
  -2.5618600000000000e-03	
   2.5537400000000001e-03	
   5.3600499999999999e-03	
   7.8369000000000008e-03	
   1.0165900000000000e-02	
   1.1454400000000000e-02	
   1.2512400000000000e-02	
   1.0800100000000000e-02	
   1.0991100000000000e-02	
   1.3728100000000000e-02	
   1.3965999999999999e-02	
   1.1450999999999999e-02	
   8.6779000000000005e-03	
   6.2883200000000000e-03	
   6.5231999999999998e-03	
   8.3227600000000002e-03	
   9.6306699999999992e-03	
   7.0891100000000000e-03	
   3.4173799999999998e-03	
   1.6081699999999999e-03	
  -3.8858700000000001e-05	
  -1.1187700000000001e-03	
  -2.0273200000000000e-03	
  -3.3295999999999998e-03	
  -5.3346499999999998e-03	
  -4.6295700000000004e-03	
  -2.5260700000000001e-03	
  -1.5231400000000001e-03	
  -3.0977600000000002e-03	
  -3.4800100000000000e-03	
  -4.1478499999999998e-03	
  -3.9333900000000002e-03	
  -2.2042400000000001e-03	
   3.8991300000000001e-05	
  -5.9111799999999996e-04	
  -5.1227299999999998e-03	
  -7.0186600000000003e-03	
  -7.8925499999999999e-03	
  -7.8637499999999992e-03	
  -7.0362899999999997e-03	
  -5.7865399999999997e-03	
  -3.1200199999999998e-03	
  -2.0273700000000001e-03	
  -2.5595700000000002e-03	
  -2.8398299999999998e-03	
  -5.6499999999999996e-04	
   1.8801700000000000e-03	
   3.1972200000000002e-03	
   4.6652300000000002e-03	
   7.3643800000000002e-03	
   8.6681699999999993e-03	
   9.8046699999999997e-03	
   8.6216899999999996e-03	
   5.9862300000000004e-03	
   3.5353899999999998e-03	
   9.9988700000000008e-04	
  -8.9257800000000005e-05	
  -9.7338399999999999e-04	
  -1.1331300000000000e-04	
   1.2863700000000000e-04	
   1.5395100000000000e-03	
   3.7041499999999998e-03	
   5.4608000000000000e-03	
   7.7101000000000001e-03	
   5.5876800000000003e-03	
   5.2696399999999999e-03	
   4.9495499999999996e-03	
   3.0086900000000001e-03	
   3.4740000000000001e-03	
   4.4901200000000002e-03	
   4.9146199999999998e-03	
   3.9702899999999996e-03	
   3.3941800000000001e-03	
   9.8002000000000007e-04	
  -6.2017799999999998e-04	
   7.5088100000000001e-04	
   1.8006400000000001e-03	
  -1.1214899999999999e-03	
  -3.1368300000000002e-03	
  -3.7150000000000000e-03	
  -4.6042699999999997e-03	
  -5.4405000000000000e-03	
  -8.2004599999999997e-03	
  -8.9846800000000001e-03	
  -7.4371799999999998e-03	
  -8.3846000000000007e-03	
  -6.8666800000000000e-03	
  -3.6525099999999999e-03	
  -1.6704999999999999e-03	
  -1.1892500000000000e-04	
   1.3520600000000000e-03	
   3.3932300000000001e-03	
   4.9743699999999997e-03	
   6.3494700000000003e-03	
   6.8086099999999997e-03	
   8.3795499999999995e-03	
   9.9453800000000002e-03	
   1.1856999999999999e-02	
   1.2189600000000000e-02	
   1.3181200000000001e-02	
   1.3390400000000000e-02	
   1.0976200000000000e-02	
   6.8157599999999997e-03	
   2.1687500000000001e-03	
  -3.8316899999999999e-04	
  -4.5436399999999998e-03	
  -7.0894499999999997e-03	
  -8.5448799999999995e-03	
  -7.8725900000000005e-03	
  -6.0130299999999999e-03	
  -4.8674699999999996e-03	
  -3.5138299999999999e-03	
  -1.6716200000000000e-03	
   5.8471700000000001e-04	
  -5.1373200000000003e-04	
  -7.9414399999999999e-04	
  -2.1190400000000000e-03	
  -3.5898000000000002e-03	
  -5.2910800000000001e-03	
  -6.8016200000000004e-03	
  -6.0671400000000004e-03	
  -3.7384100000000002e-03	
   6.0073699999999995e-04	
   3.1008199999999998e-03	
   2.8836299999999999e-03	
   2.2247700000000000e-03	
  -2.8641199999999999e-04	
  -5.5454800000000002e-03	
  -8.4972999999999993e-03	
  -9.1520899999999999e-03	
  -7.7168999999999996e-03	
  -5.9124800000000003e-03	
  -5.7043600000000003e-03	
  -3.2920200000000001e-03	
   1.1205399999999999e-03	
   4.3411099999999999e-04	
  -1.4498000000000000e-03	
  -1.5201500000000001e-03	
  -1.6792500000000000e-03	
  -1.4527800000000001e-03	
  -9.1318499999999995e-04	
   7.6269100000000002e-04	
  -3.5725600000000002e-04	
   2.3537300000000001e-04	
   1.1870400000000001e-03	
   4.1307599999999998e-03	
   7.4631100000000002e-03	
   6.2839799999999998e-03	
   4.2123600000000001e-03	
   1.3073900000000001e-03	
  -1.3864400000000001e-03	
  -2.1484000000000000e-03	
  -2.7644900000000001e-03	
  -1.1243500000000001e-03	
   3.4513399999999998e-03	
   6.7020600000000001e-03	
   6.7489400000000001e-03	
   4.0775300000000002e-03	
   1.7967700000000001e-03	
   1.8273400000000000e-03	
   2.6698099999999999e-03	
   3.0328800000000000e-03	
   4.9800199999999999e-03	
   5.8275799999999997e-03	
   4.1006699999999998e-03	
   5.0124899999999997e-03	
   5.5764800000000000e-03	
   4.9144400000000000e-03	
   2.2491099999999999e-03	
   1.9067500000000001e-04	
  -1.0622100000000000e-04	
   1.2074600000000000e-03	
   3.9236399999999999e-03	
   6.2675099999999996e-03	
   7.6627800000000001e-03	
   8.3675099999999999e-03	
   1.2979800000000000e-02	
   1.3350000000000001e-02	
   9.6126200000000005e-03	
   6.8258700000000004e-03	
   4.8826599999999996e-03	
   3.7687100000000002e-03	
   1.7245100000000001e-03	
  -9.1231199999999998e-04	
  -2.6494999999999999e-03	
  -3.2779500000000000e-03	
  -3.3566199999999998e-03	
  -3.1231800000000001e-03	
  -3.1253600000000002e-03	
  -2.3462200000000000e-03	
  -2.8461699999999999e-03	
  -4.5568600000000003e-03	
  -5.3546599999999998e-03	
  -6.3074899999999998e-03	
  -6.1414000000000000e-03	
  -4.5411799999999997e-03	
  -3.9099800000000004e-03	
  -4.8628300000000003e-03	
  -4.4437900000000004e-03	
  -1.6971099999999999e-03	
  -8.1397700000000002e-04	
  -1.5149100000000000e-03	
  -4.5557200000000001e-03	
  -6.7886999999999999e-03	
  -7.4723000000000003e-03	
  -8.2701500000000004e-03	
  -6.9280399999999999e-03	
  -7.9747700000000008e-03	
  -7.1742899999999998e-03	
  -7.6518699999999999e-03	
  -9.1392599999999997e-03	
  -1.0355300000000000e-02	
  -9.5262999999999997e-03	
  -7.6538200000000004e-03	
  -6.2882800000000003e-03	
  -3.5763499999999998e-03	
  -5.0454000000000002e-03	
  -6.3073900000000004e-03	
  -6.0404100000000004e-03	
  -4.0730899999999997e-03	
  -3.0819200000000001e-03	
  -2.8751300000000000e-03	
  -3.8974499999999998e-03	
  -2.5543900000000001e-03	
   4.0332500000000001e-04	
   1.7688199999999999e-03	
   3.8595200000000000e-03	
   4.2865999999999998e-03	
   8.0133800000000005e-03	
   1.0805800000000001e-02	
   9.6814899999999992e-03	
   5.7623300000000004e-03	
   1.7574900000000000e-03	
   5.7804799999999995e-04	
   1.4375799999999999e-03	
   1.8982900000000000e-03	
  -6.2553200000000004e-04	
  -4.1509900000000002e-03	
  -6.7431599999999998e-03	
  -5.8020499999999996e-03	
  -2.2415899999999999e-03	
   1.1985100000000001e-03	
   2.8066900000000001e-03	
   2.0882399999999999e-03	
   4.8136300000000001e-04	
  -2.9115599999999999e-04	
  -5.0165900000000000e-04	
  -2.3888800000000001e-04	
   2.5912200000000000e-03	
   4.1085799999999997e-03	
   4.6161400000000003e-03	
   4.9523299999999996e-03	
   1.7525900000000001e-04	
  -6.2381800000000005e-04	
   1.8176399999999999e-03	
   3.6674899999999998e-03	
   5.1399400000000000e-03	
   4.8773699999999998e-03	
   4.3353000000000003e-03	
   2.3805400000000000e-03	
   2.6350900000000001e-03	
   1.9400100000000000e-03	
  -5.1049000000000005e-04	
  -2.0246399999999999e-03	
  -3.8488699999999999e-03	
  -2.6600199999999999e-03	
  -6.7864499999999996e-04	
  -8.9741099999999998e-04	
  -3.1143600000000000e-03	
  -3.2444000000000001e-03	
  -3.3662800000000001e-03	
  -5.2129899999999998e-03	
  -4.1669799999999998e-03	
  -4.6315999999999996e-03	
  -3.4866599999999999e-03	
  -2.2631900000000000e-03	
  -2.2506300000000000e-03	
  -2.4593300000000000e-03	
  -2.0464699999999999e-03	
  -1.5848699999999999e-03	
  -2.2069500000000001e-03	
  -2.9224699999999999e-03	
  -4.5836599999999998e-03	
  -3.5359200000000001e-03	
  -2.6163499999999999e-03	
  -3.8127999999999999e-03	
  -5.5372199999999998e-03	
  -4.8950000000000000e-03	
  -2.0467500000000000e-03	
  -2.4512200000000002e-04	
  -8.7621100000000000e-04	
  -2.3573800000000001e-03	
  -1.1163600000000001e-03	
   9.3832500000000005e-04	
   3.2728200000000001e-03	
   4.2402300000000002e-03	
   1.8155900000000000e-03	
   1.7278599999999999e-03	
   4.5779400000000000e-03	
   6.9692599999999997e-03	
   8.5325399999999999e-03	
   7.6910800000000003e-03	
   5.2203400000000004e-03	
   3.8986799999999999e-03	
   1.4128800000000000e-03	
  -9.6688099999999995e-04	
  -2.5367400000000000e-03	
  -4.1798900000000003e-03	
  -2.0888000000000000e-03	
   9.2329700000000001e-04	
   1.6044300000000000e-03	
   1.8352399999999999e-03	
   1.1948700000000000e-03	
   5.5453600000000000e-04	
   3.1407200000000001e-03	
   4.8390400000000002e-03	
   6.6593800000000003e-03	
   7.2125699999999997e-03	
   7.5267099999999998e-03	
   6.2284100000000002e-03	
   2.5473200000000001e-03	
   4.1284900000000003e-03	
   4.4177599999999997e-03	
   5.7353600000000001e-03	
   6.5152900000000000e-03	
   5.1559800000000001e-03	
   4.4792299999999998e-03	
   4.5196400000000001e-04	
  -1.6001300000000000e-03	
  -3.9363499999999999e-03	
  -4.9664000000000002e-03	
  -5.3914100000000001e-03	
  -7.3469299999999998e-03	
  -6.2645499999999998e-03	
  -5.2349299999999996e-03	
  -3.9053000000000000e-03	
  -1.2526200000000001e-03	
   1.2896500000000000e-03	
   2.9496000000000001e-03	
   2.8107900000000001e-03	
   1.7052500000000000e-03	
   3.8222700000000003e-06	
  -1.6958199999999999e-04	
  -8.9075999999999999e-04	
  -1.3383300000000000e-03	
  -1.2600000000000001e-03	
  -1.9849099999999999e-03	
  -1.2665500000000000e-03	
  -1.2213400000000000e-03	
  -6.0759799999999999e-04	
   4.1561700000000002e-04	
   1.5334000000000001e-03	
   1.9647200000000001e-03	
   2.4619099999999999e-03	
   2.1418700000000001e-03	
  -2.5848000000000001e-04	
  -2.4543799999999999e-03	
  -4.8724700000000003e-03	
  -4.3072199999999996e-03	
  -3.1880500000000000e-03	
  -2.5578100000000002e-03	
  -1.5831300000000001e-03	
  -1.1430399999999999e-03	
  -3.7823099999999998e-04	
   2.7022000000000000e-04	
   9.4466600000000004e-04	
   7.0592300000000001e-04	
   1.3503800000000000e-03	
   1.4323400000000000e-03	
   1.6420599999999999e-04	
   3.5528699999999997e-04	
  -1.9165799999999999e-04	
  -2.8176600000000003e-04	
  -5.5545400000000004e-04	
  -1.8917200000000001e-04	
   4.5599300000000002e-04	
   2.8121700000000000e-04	
  -2.4447999999999999e-04	
  -1.4240200000000000e-03	
  -1.1616500000000000e-03	
  -1.3870499999999999e-03	
  -1.1144099999999999e-03	
  -3.8261200000000000e-04	
   6.3791700000000000e-04	
   1.1181200000000000e-03	
   1.1437200000000000e-03	
   2.3508399999999999e-03	
   2.4502999999999999e-03	
   2.0500700000000002e-03	
   2.1402999999999999e-03	
   2.2283400000000001e-03	
   2.4794700000000001e-03	
   1.8548600000000001e-03	
   1.5765899999999999e-03	
   1.3856800000000000e-03	
   7.7428600000000001e-04	
   6.4923600000000003e-05	
  -5.2083999999999995e-04	
  -7.1761500000000001e-04	
  -1.0914300000000000e-03	
  -2.6190300000000002e-04	
   3.0609600000000000e-04	
   1.0767799999999999e-04	
   3.9920399999999998e-05	
   1.3391100000000001e-04	
   5.3535300000000002e-04	
   3.8407699999999998e-04	
  -2.7297100000000000e-05	
   1.6800199999999999e-05	
   3.4263600000000000e-04	
   7.0611000000000003e-04	
   1.2318100000000001e-04	
   1.4477199999999999e-05	
   3.5633799999999999e-04	
   2.2703299999999999e-04	
  -1.0864600000000000e-04	
  -6.3709800000000000e-04	
  -8.1106199999999998e-04	
  -9.0578399999999997e-04	
  -1.0571599999999999e-03	
  -1.1266300000000000e-03	
  -7.8667799999999996e-04	
  -6.5784000000000003e-04	
  -4.3348900000000001e-04	
  -5.9382200000000002e-05	
  -8.9167799999999997e-05	
  -1.4770399999999999e-04	
  -3.5895799999999999e-04	
  -2.3031800000000000e-04	
  -1.1500000000000000e-04	
  -1.1003400000000000e-04	
  -8.8247999999999999e-05	
  -3.7489600000000000e-04	
  -1.8856000000000000e-04	
  -3.6168399999999997e-04	
  -4.7066000000000002e-04	
  -4.6213599999999998e-04	
  -5.4721800000000003e-04	
  -5.3719000000000000e-04	
  -5.6591699999999998e-04	
  -3.5552000000000001e-04	
  -2.4070900000000000e-04	
  -2.6238299999999998e-04	
  -2.6540800000000002e-04	
  -2.3245699999999999e-04	
  -2.2795600000000000e-04	
  -2.0707000000000001e-04	
  -2.0428300000000001e-04	
  -1.2689900000000001e-04	
  -5.0051900000000001e-05	
  -1.0020400000000000e-05	
  -4.2739199999999999e-05	
  -1.2677000000000001e-04	
  -1.0431500000000001e-04	
  -8.5140800000000003e-05	
  -1.0971400000000000e-04	
  -1.2923300000000000e-04	
  -1.5033599999999999e-04	
  -1.4509599999999999e-04	
  -1.3837200000000000e-04	
  -1.1698900000000000e-04	
  -1.0677800000000000e-04	
  -7.0562700000000001e-05	
  -4.7278099999999997e-05	
  -1.3417199999999999e-05	
   4.0872599999999999e-05	
   8.4332999999999994e-05	
   1.1465300000000000e-04	
   1.3038200000000001e-04	
   1.4500000000000000e-04	
   1.5763499999999999e-04	
   1.7025200000000000e-04	
   1.8160600000000001e-04	
   1.9013799999999999e-04	
   1.9470699999999999e-04	
   1.9725000000000000e-04	
