   2.0000000000000000e+03	
   2.0000000000000000e-02	
   5.9813499999999999e-03	
   4.9551700000000001e-03	
   3.7831200000000001e-03	
   2.4621500000000002e-03	
   2.8863800000000000e-03	
   8.6115500000000008e-03	
   1.4052100000000000e-02	
   1.4264199999999999e-02	
   7.7625899999999998e-03	
  -1.0115700000000000e-03	
  -1.0181500000000000e-02	
  -7.5429000000000000e-03	
   2.1061500000000002e-03	
   3.5874000000000002e-04	
  -1.3866400000000000e-03	
   4.1854500000000003e-03	
   4.3749899999999996e-03	
   1.4180300000000000e-04	
   5.5292500000000003e-03	
   1.1922400000000000e-02	
   6.6875600000000004e-03	
  -1.2546800000000000e-02	
  -1.2475600000000000e-02	
  -5.2247600000000002e-04	
  -2.3576999999999999e-03	
   5.3012399999999996e-03	
   6.0486400000000001e-03	
   2.0397800000000002e-03	
  -1.0764500000000000e-02	
  -2.3147600000000001e-02	
  -1.7569499999999998e-02	
   2.1896099999999998e-03	
   8.0532899999999994e-03	
   9.2280200000000000e-03	
   3.5346799999999998e-02	
   2.5717700000000000e-02	
  -2.8181299999999999e-03	
  -1.8496900000000000e-02	
  -2.8047500000000000e-02	
   1.8469199999999999e-05	
   3.5287699999999998e-02	
   7.9686400000000008e-03	
  -2.4695200000000000e-02	
  -7.4973599999999998e-03	
   1.0447100000000001e-02	
   1.3312900000000001e-02	
   1.5028200000000000e-02	
   2.3453900000000000e-02	
  -6.9699999999999996e-03	
  -4.2923400000000000e-02	
  -2.8419100000000000e-03	
   3.1992699999999999e-02	
   2.4085200000000001e-02	
   1.8131999999999999e-02	
   1.3983199999999999e-02	
  -1.4618000000000001e-02	
  -3.8172400000000002e-02	
  -3.2046699999999997e-02	
  -2.7233799999999999e-02	
  -1.6093900000000001e-02	
   3.0978599999999998e-02	
   4.7656100000000000e-02	
   5.3311499999999998e-02	
   3.1505400000000003e-02	
  -2.6056800000000001e-02	
  -1.6116399999999999e-02	
   3.0835200000000002e-03	
   3.3063400000000001e-03	
   1.0661000000000000e-02	
   2.5700299999999999e-02	
   3.2243099999999997e-02	
   4.0394300000000001e-02	
   3.5250900000000002e-02	
   2.8847700000000000e-02	
   1.1694500000000000e-03	
  -4.4280300000000002e-02	
  -3.6149500000000001e-02	
  -3.0205599999999999e-02	
   4.2830600000000000e-03	
   2.9321400000000001e-02	
   5.0632600000000000e-02	
   1.1926000000000001e-02	
  -1.8875599999999999e-02	
   3.6346600000000000e-02	
   5.9402999999999997e-02	
   2.1814299999999998e-02	
  -1.3281500000000000e-02	
   2.5540000000000000e-02	
   2.6867400000000000e-02	
   8.6902500000000001e-03	
  -1.3991200000000001e-02	
  -1.3632700000000000e-03	
   1.0691400000000000e-02	
   3.1589700000000001e-03	
  -3.0193700000000000e-02	
  -2.8018800000000000e-02	
  -1.8156100000000001e-02	
  -5.2960300000000002e-02	
  -3.9287000000000002e-02	
   1.0739200000000001e-02	
   5.0732600000000003e-02	
   9.7196699999999997e-03	
  -5.2186999999999997e-02	
  -2.1118499999999998e-02	
   3.7848899999999998e-02	
   5.9216100000000001e-02	
   1.2096400000000000e-02	
  -3.0820700000000001e-03	
   3.7502899999999999e-02	
   4.5643700000000002e-02	
  -2.1900299999999999e-03	
  -5.1050900000000003e-02	
   1.5395100000000000e-02	
   6.9335900000000006e-02	
   1.0161800000000000e-02	
  -6.0628099999999997e-02	
   6.7206399999999999e-03	
   1.1254900000000000e-01	
   1.3038000000000000e-01	
   3.7321000000000000e-02	
  -2.7220399999999999e-02	
  -3.6482899999999999e-02	
  -7.7177700000000002e-02	
  -8.0172300000000002e-02	
   1.6668599999999999e-02	
   8.5170899999999994e-02	
   7.1933399999999995e-02	
   8.8811800000000007e-03	
  -1.9174900000000000e-03	
   3.0826199999999999e-03	
  -5.0359200000000000e-02	
  -5.9949200000000001e-02	
  -2.2796700000000000e-02	
   1.6016400000000000e-02	
   2.3299299999999998e-02	
   5.5216099999999997e-02	
   3.5641300000000001e-02	
  -4.0867800000000003e-02	
  -4.3489199999999999e-02	
   9.9873400000000008e-03	
  -1.5247399999999999e-02	
  -4.2144899999999999e-02	
  -4.3632999999999998e-02	
  -1.7827099999999999e-02	
  -3.6541799999999999e-03	
   1.5332100000000000e-02	
   5.6862400000000000e-02	
   6.0891300000000002e-02	
   4.3015800000000000e-02	
   4.2841299999999999e-02	
   7.0260900000000001e-02	
   1.9172100000000001e-02	
   1.1761800000000000e-03	
   3.9909600000000003e-02	
   4.0200199999999998e-02	
  -5.2163899999999996e-03	
   5.2000300000000000e-04	
   9.1440099999999993e-03	
  -7.4280300000000004e-03	
  -1.0949499999999999e-03	
   2.7515899999999999e-02	
   3.8233000000000003e-02	
   6.3629500000000000e-03	
  -2.7908200000000001e-02	
  -7.0719699999999996e-02	
  -1.1683000000000000e-01	
  -1.6044600000000001e-01	
  -1.8822000000000000e-01	
  -2.2748900000000000e-01	
  -2.6818999999999998e-01	
  -3.0483500000000002e-01	
  -3.3395900000000001e-01	
  -3.4661300000000000e-01	
  -3.5678199999999999e-01	
  -3.5852299999999998e-01	
  -3.7184400000000001e-01	
  -3.8636100000000001e-01	
  -3.9190500000000000e-01	
  -4.1690899999999997e-01	
  -4.6489300000000000e-01	
  -4.9457899999999999e-01	
  -4.8195500000000002e-01	
  -4.6513500000000002e-01	
  -4.6042699999999998e-01	
  -4.4431900000000002e-01	
  -3.4262900000000002e-01	
  -1.2893099999999999e-01	
   1.0871599999999999e-01	
   3.1791900000000001e-01	
   4.7301799999999999e-01	
   5.7167500000000004e-01	
   6.6082799999999997e-01	
   6.7808700000000000e-01	
   6.2585199999999996e-01	
   5.8594800000000002e-01	
   5.1161900000000005e-01	
   5.5715800000000004e-01	
   2.0246600000000001e-01	
  -4.4823499999999999e-01	
  -5.8959099999999998e-01	
  -5.1169600000000004e-01	
  -4.1809400000000002e-01	
  -3.6818800000000002e-01	
  -2.7013100000000001e-01	
  -5.3149500000000002e-02	
   2.0520900000000000e-01	
   3.8429500000000000e-01	
   4.7027099999999999e-01	
   6.3950899999999999e-01	
   8.4029699999999996e-01	
   8.4330600000000000e-01	
   6.6675200000000001e-01	
   5.6775900000000001e-01	
   5.5243100000000001e-01	
   4.8900600000000000e-01	
   4.1579899999999997e-01	
   3.7989200000000001e-01	
   2.8073199999999998e-01	
   4.7619799999999999e-03	
  -2.3988300000000001e-01	
  -2.9459000000000002e-01	
  -2.1672800000000000e-01	
  -5.9638400000000001e-02	
   4.3807499999999999e-02	
   1.1765500000000000e-01	
   1.7148400000000000e-01	
   2.4167100000000000e-01	
   2.4279000000000001e-01	
   1.0200400000000000e-01	
  -1.6729999999999998e-02	
  -3.5821800000000001e-02	
  -2.9696199999999999e-02	
  -4.3949099999999998e-02	
  -8.8947899999999996e-02	
  -1.3657200000000000e-01	
  -1.6729500000000000e-01	
  -5.7519000000000001e-02	
   1.1095700000000000e-01	
   1.8412100000000001e-01	
   1.9025900000000001e-01	
   1.0139900000000000e-01	
   3.8656400000000000e-02	
   2.4315699999999999e-02	
  -3.3357699999999997e-02	
  -8.6711300000000005e-02	
  -1.0273400000000001e-01	
  -1.1651300000000001e-01	
  -1.4160700000000001e-01	
  -1.9416000000000000e-01	
  -2.4801100000000001e-01	
  -2.7439100000000000e-01	
  -2.8226800000000002e-01	
  -2.6934900000000001e-01	
  -2.4400700000000000e-01	
  -1.5067700000000001e-01	
  -2.1103700000000000e-02	
   3.9935600000000002e-02	
   4.5790900000000002e-02	
   2.3558400000000000e-02	
  -1.8710000000000001e-02	
  -7.2486999999999996e-02	
  -1.0884300000000000e-01	
  -1.5325900000000001e-01	
  -1.7285100000000000e-01	
  -1.9331300000000001e-01	
  -1.7459200000000000e-01	
  -7.8568700000000005e-02	
  -5.9086099999999999e-03	
   2.6488000000000001e-02	
   3.6300800000000001e-02	
   5.7254100000000002e-02	
   1.3705600000000001e-01	
   1.3400899999999999e-01	
   3.5043699999999997e-02	
  -1.2272699999999999e-02	
  -3.5836300000000001e-02	
  -7.2868100000000005e-02	
  -1.4997400000000000e-01	
  -1.1950900000000000e-01	
  -2.7934899999999999e-02	
   1.9300299999999999e-03	
  -1.0074000000000000e-02	
  -7.2420100000000001e-02	
  -1.3258000000000000e-01	
  -1.6123999999999999e-01	
  -1.1443800000000000e-01	
  -6.6937200000000002e-02	
  -4.6671499999999998e-02	
  -9.7553699999999993e-03	
   5.6922399999999998e-02	
   8.8774199999999998e-02	
   8.2516900000000004e-02	
   8.0992300000000003e-02	
   8.5520399999999996e-02	
   8.9831200000000000e-02	
   4.9012100000000003e-02	
   2.5214799999999999e-02	
   1.7204000000000001e-02	
  -9.7868899999999995e-03	
  -7.0872299999999999e-02	
  -1.0720700000000000e-01	
  -1.0280400000000001e-01	
  -1.1059600000000000e-01	
  -1.3838300000000001e-01	
  -1.6223199999999999e-01	
  -1.6966800000000001e-01	
  -1.6975000000000001e-01	
  -1.5557699999999999e-01	
  -1.2910300000000000e-01	
  -6.2835000000000002e-02	
   4.5500400000000003e-02	
   1.3864499999999999e-01	
   1.8925600000000001e-01	
   1.8653300000000000e-01	
   1.4083200000000001e-01	
   9.6623100000000003e-02	
   5.0505000000000001e-02	
   9.9521100000000001e-03	
  -3.3942300000000002e-02	
  -6.8239599999999997e-02	
  -9.5620300000000005e-02	
  -1.1656900000000001e-01	
  -1.2374499999999999e-01	
  -9.4482300000000005e-02	
  -2.9256200000000000e-02	
   2.6261600000000000e-02	
   6.3079800000000005e-02	
   7.4345900000000006e-02	
   7.6368699999999998e-02	
   6.4745999999999998e-02	
   3.2983400000000003e-02	
  -2.0829500000000001e-02	
  -8.6678500000000006e-02	
  -1.6635000000000000e-01	
  -2.3951900000000001e-01	
  -2.8418300000000002e-01	
  -2.1517200000000000e-01	
  -5.8546000000000001e-02	
   7.5176199999999999e-02	
   1.5607199999999999e-01	
   1.7583399999999999e-01	
   1.4079200000000000e-01	
   5.6606700000000003e-02	
  -2.3150000000000000e-02	
  -4.4407700000000001e-02	
  -1.0005000000000000e-02	
   4.1993799999999998e-02	
   1.0715300000000000e-01	
   1.6080000000000000e-01	
   2.1315200000000001e-01	
   2.4755300000000000e-01	
   2.5051699999999999e-01	
   2.3285800000000001e-01	
   1.9251299999999999e-01	
   1.6053899999999999e-01	
   1.5812899999999999e-01	
   1.7129100000000000e-01	
   1.7201900000000001e-01	
   1.4573400000000000e-01	
   1.2929199999999999e-01	
   1.2164200000000000e-01	
   8.7572300000000006e-02	
   6.9287899999999999e-02	
   1.0393300000000000e-01	
   1.4914700000000000e-01	
   1.4060700000000001e-01	
   1.0506000000000000e-01	
   8.9653700000000003e-02	
   6.9494500000000001e-02	
   3.2343100000000000e-02	
   2.3766700000000000e-04	
   1.5737700000000000e-02	
   6.0591199999999998e-02	
   7.9013500000000000e-02	
   5.0150599999999997e-02	
  -1.3011800000000000e-02	
  -6.9938899999999998e-02	
  -1.0424300000000000e-01	
  -1.1475800000000000e-01	
  -1.2164500000000000e-01	
  -1.4116899999999999e-01	
  -1.7604300000000001e-01	
  -2.0520900000000000e-01	
  -2.2224600000000000e-01	
  -2.3699000000000001e-01	
  -1.7074600000000001e-01	
  -4.2922100000000003e-03	
   1.5518699999999999e-01	
   2.7049400000000001e-01	
   3.3220200000000000e-01	
   3.4377700000000000e-01	
   3.1715199999999999e-01	
   1.9467499999999999e-01	
   4.5907299999999998e-02	
  -8.4663900000000000e-02	
  -1.7785200000000001e-01	
  -2.0278299999999999e-01	
  -2.1504499999999999e-01	
  -2.3343000000000000e-01	
  -2.6831199999999999e-01	
  -2.8663200000000000e-01	
  -2.7324700000000002e-01	
  -2.4086800000000000e-01	
  -2.3488300000000001e-01	
  -2.2339500000000001e-01	
  -1.9303999999999999e-01	
  -1.8589600000000001e-01	
  -1.9758200000000001e-01	
  -1.9681599999999999e-01	
  -1.5406000000000000e-01	
  -9.9532399999999993e-02	
  -5.4525900000000002e-02	
  -1.5889299999999999e-02	
   1.6404800000000001e-02	
   4.0785900000000000e-02	
   3.8568400000000003e-02	
   1.4975799999999999e-02	
   2.6888300000000000e-02	
   7.9562099999999997e-02	
   1.1589300000000000e-01	
   1.2133400000000000e-01	
   1.2599299999999999e-01	
   1.4120199999999999e-01	
   1.5472500000000000e-01	
   1.1359300000000000e-01	
   3.7277699999999997e-02	
  -1.0991799999999999e-02	
  -3.9881300000000001e-02	
  -7.2250999999999996e-02	
  -9.9409600000000001e-02	
  -1.0768700000000000e-01	
  -1.0601700000000000e-01	
  -8.0918199999999996e-02	
  -3.3027200000000000e-02	
   3.9782400000000002e-02	
   1.1508300000000000e-01	
   1.5442800000000001e-01	
   1.6484499999999999e-01	
   1.7014299999999999e-01	
   1.8049200000000001e-01	
   1.8487999999999999e-01	
   1.7984400000000000e-01	
   1.5991300000000000e-01	
   1.2603200000000001e-01	
   8.6205900000000002e-02	
   4.5358900000000001e-02	
   1.1204100000000001e-03	
  -2.5832200000000000e-02	
  -3.6350500000000001e-02	
  -4.5079700000000000e-02	
  -5.3840600000000002e-02	
  -6.7702499999999999e-02	
  -7.5051699999999999e-02	
  -6.4485600000000004e-02	
  -4.0711499999999998e-02	
  -2.8440000000000000e-02	
  -2.0028199999999999e-02	
  -5.8176399999999998e-03	
   6.8047500000000000e-03	
   8.1163599999999995e-03	
  -2.7304199999999999e-03	
  -1.5051100000000000e-02	
  -1.0763099999999999e-02	
   5.9096599999999997e-03	
   1.0286399999999999e-02	
   6.3092699999999996e-03	
   8.5062400000000000e-03	
   3.2591400000000000e-02	
   6.1923400000000003e-02	
   6.8991899999999995e-02	
   5.1300900000000003e-02	
   1.4187999999999999e-02	
  -2.9572100000000000e-02	
  -5.3135300000000003e-02	
  -5.9192200000000000e-02	
  -5.8851599999999997e-02	
  -6.4622899999999997e-02	
  -5.0890800000000000e-02	
   1.1207699999999999e-02	
   6.5749000000000002e-02	
   8.2073999999999994e-02	
   8.5291900000000004e-02	
   6.8897299999999995e-02	
   3.5089299999999997e-02	
   2.3118400000000001e-02	
   2.6887200000000000e-02	
   2.0401900000000001e-02	
  -1.9154899999999999e-02	
  -4.6024900000000001e-02	
  -5.2341899999999997e-02	
  -6.8456000000000003e-02	
  -8.8276800000000002e-02	
  -9.2481400000000005e-02	
  -7.5158900000000001e-02	
  -6.3568799999999995e-02	
  -6.3948400000000002e-02	
  -6.5572400000000003e-02	
  -6.2624799999999994e-02	
  -6.1178600000000000e-02	
  -4.2466900000000002e-02	
  -6.5324099999999998e-03	
   5.5258599999999996e-03	
  -7.7251300000000002e-03	
  -2.3349700000000001e-02	
  -2.9682000000000000e-02	
  -4.1156100000000001e-02	
  -5.9247000000000001e-02	
  -7.0421300000000006e-02	
  -6.7053399999999999e-02	
  -3.7701100000000001e-02	
  -5.2037199999999997e-05	
   3.2575500000000000e-02	
   6.1653500000000000e-02	
   7.9735899999999998e-02	
   8.2475499999999993e-02	
   5.6303100000000002e-02	
   1.7291999999999998e-02	
  -2.1070400000000000e-02	
  -5.7334700000000002e-02	
  -7.3986300000000005e-02	
  -5.6960700000000003e-02	
  -1.4442200000000001e-02	
   8.2740399999999999e-03	
   1.7414099999999998e-02	
   2.8450300000000001e-02	
   3.9938300000000003e-02	
   4.4405699999999999e-02	
   4.4249499999999997e-02	
   4.8124300000000002e-02	
   4.8327099999999998e-02	
   4.1658100000000003e-02	
   3.2794100000000000e-02	
   2.7621500000000000e-02	
   1.8295400000000000e-02	
   2.0323300000000002e-03	
  -1.6011700000000000e-02	
  -3.1151700000000001e-02	
  -4.9929099999999997e-02	
  -7.0526199999999997e-02	
  -7.9831799999999994e-02	
  -7.6131500000000005e-02	
  -4.9743299999999997e-02	
   2.7671100000000001e-03	
   5.6106799999999998e-02	
   9.6195600000000006e-02	
   1.1935400000000000e-01	
   1.2612400000000001e-01	
   1.0806800000000000e-01	
   7.5091000000000005e-02	
   5.6212600000000001e-02	
   3.9460900000000000e-02	
   9.0269600000000005e-03	
  -3.6277600000000000e-02	
  -8.4449300000000005e-02	
  -1.0590900000000000e-01	
  -1.0528400000000000e-01	
  -6.8680800000000000e-02	
  -1.4430300000000000e-02	
   3.5260800000000002e-02	
   7.3572799999999994e-02	
   8.7490499999999999e-02	
   8.2500400000000002e-02	
   4.5608799999999998e-02	
  -9.9252699999999999e-03	
  -6.5133999999999997e-02	
  -8.6659299999999995e-02	
  -8.3455699999999994e-02	
  -7.2827500000000003e-02	
  -5.4002700000000001e-02	
  -3.3996600000000002e-02	
  -2.3721400000000000e-02	
  -1.9946599999999998e-02	
  -1.1317600000000001e-02	
  -1.0005400000000001e-03	
   2.9568300000000001e-03	
  -4.4781899999999999e-03	
  -1.8376900000000002e-02	
  -2.4294199999999998e-02	
  -1.8312100000000001e-02	
  -1.4123200000000001e-02	
  -1.1744800000000000e-02	
  -1.1371800000000000e-02	
  -1.1960500000000001e-02	
  -1.5039100000000000e-02	
  -1.5480000000000001e-02	
  -7.2621099999999996e-03	
   1.2169100000000001e-03	
   3.4586299999999999e-03	
  -2.1271300000000001e-03	
  -8.2157600000000008e-03	
  -2.7906200000000002e-03	
   1.3926900000000001e-02	
   3.5208000000000003e-02	
   4.9956899999999999e-02	
   5.4656799999999998e-02	
   6.2272899999999999e-02	
   7.4443300000000004e-02	
   8.2579600000000003e-02	
   8.1383899999999995e-02	
   7.4296699999999993e-02	
   6.7489999999999994e-02	
   5.5670999999999998e-02	
   4.0473799999999997e-02	
   3.1328200000000000e-02	
   3.0315100000000001e-02	
   2.7971900000000001e-02	
   2.0191100000000000e-02	
   1.2332800000000000e-02	
   9.4367600000000006e-03	
   5.9980900000000002e-03	
  -5.5628400000000003e-03	
  -2.8264200000000000e-02	
  -5.3861399999999997e-02	
  -7.2208400000000006e-02	
  -8.5128999999999996e-02	
  -9.4530500000000003e-02	
  -8.7750900000000007e-02	
  -4.4201200000000003e-02	
  -7.5352600000000002e-04	
   1.7007499999999998e-02	
   2.7809000000000000e-02	
   3.8314800000000003e-02	
   4.7410899999999999e-02	
   4.7864499999999997e-02	
   3.5614100000000003e-02	
   2.2193700000000000e-02	
   1.2416699999999999e-02	
   4.1075299999999999e-03	
   3.3912399999999998e-03	
   9.6721399999999992e-03	
   1.6559899999999999e-02	
   1.9037300000000000e-02	
   1.9198199999999999e-02	
   1.7400700000000002e-02	
   1.0504200000000000e-02	
   2.8865700000000002e-03	
   1.4470900000000001e-03	
   1.4641700000000001e-03	
  -8.7615899999999997e-03	
  -3.1612899999999999e-02	
  -4.8599200000000002e-02	
  -4.6671700000000003e-02	
  -2.2404100000000000e-02	
  -2.1186000000000000e-03	
   1.7622400000000000e-03	
   5.2697600000000001e-03	
   9.9533399999999998e-03	
   8.5954599999999992e-03	
  -5.9642799999999998e-03	
  -2.8444299999999999e-02	
  -4.6680100000000002e-02	
  -5.3264499999999999e-02	
  -4.8602300000000001e-02	
  -4.0805700000000000e-02	
  -3.6718800000000003e-02	
  -3.1862900000000000e-02	
  -2.3190100000000002e-02	
  -1.5086400000000000e-02	
  -1.4958200000000000e-02	
  -2.4358800000000000e-02	
  -3.0476000000000000e-02	
  -2.9213500000000000e-02	
  -2.6775899999999998e-02	
  -2.7322900000000001e-02	
  -2.4019400000000000e-02	
  -8.0444100000000001e-03	
   1.8248500000000000e-03	
  -3.8374300000000002e-03	
  -1.1736600000000000e-02	
  -1.0302700000000000e-02	
  -2.0848300000000002e-03	
   7.5386100000000003e-03	
   1.7448700000000001e-02	
   1.9226300000000002e-02	
   8.2018500000000001e-03	
  -5.7673100000000003e-03	
  -1.4273400000000000e-02	
  -1.4596899999999999e-02	
  -9.4870100000000006e-03	
   1.2087799999999999e-02	
   3.9547899999999997e-02	
   5.0382099999999999e-02	
   4.8272500000000003e-02	
   4.5426500000000002e-02	
   4.9895799999999997e-02	
   5.2643500000000003e-02	
   4.8654000000000003e-02	
   4.4407400000000000e-02	
   4.5755600000000000e-02	
   4.0340200000000000e-02	
   2.6931000000000000e-02	
   1.2137700000000000e-02	
   9.8985900000000005e-04	
  -3.9533199999999998e-03	
  -5.9313600000000001e-03	
  -1.2264799999999999e-02	
  -2.9647900000000001e-02	
  -4.7811300000000001e-02	
  -5.7997300000000002e-02	
  -5.6774499999999999e-02	
  -4.5198799999999997e-02	
  -2.5369300000000001e-02	
  -7.1737299999999997e-03	
   1.4470500000000001e-03	
   2.5830800000000002e-03	
   6.2629799999999996e-03	
   1.8029400000000001e-02	
   3.0418100000000000e-02	
   3.1485800000000001e-02	
   2.2419800000000000e-02	
   1.1810500000000000e-02	
  -3.8690300000000002e-04	
  -1.2677100000000000e-02	
  -1.5915900000000000e-02	
  -2.6163599999999999e-03	
   1.4115500000000000e-02	
   2.2386400000000001e-02	
   2.3565300000000001e-02	
   2.3610900000000001e-02	
   2.1303400000000000e-02	
   1.6289900000000000e-02	
   9.6688000000000000e-03	
   3.6614699999999999e-04	
  -7.7482000000000002e-03	
  -1.8510499999999999e-02	
  -2.8020199999999999e-02	
  -2.9170999999999999e-02	
  -2.2928799999999999e-02	
  -2.0955399999999999e-02	
  -2.2729400000000000e-02	
  -1.7553200000000001e-02	
  -1.0933600000000000e-02	
  -6.5233699999999997e-03	
  -1.0348599999999999e-02	
  -1.0970100000000000e-02	
  -8.2927899999999995e-03	
  -1.0352399999999999e-02	
  -1.2303900000000000e-02	
  -1.0299900000000001e-02	
  -8.8986299999999994e-03	
  -1.3188000000000000e-02	
  -1.8336200000000000e-02	
  -2.1509600000000000e-02	
  -2.0652000000000000e-02	
  -1.4424200000000000e-02	
  -5.2341999999999996e-03	
   6.0579800000000001e-03	
   2.2853100000000001e-02	
   3.7002300000000002e-02	
   4.5584300000000001e-02	
   4.4720099999999999e-02	
   4.0733699999999998e-02	
   3.4737900000000002e-02	
   2.2929100000000001e-02	
   5.3930699999999998e-03	
  -1.2267399999999999e-02	
  -2.2446299999999999e-02	
  -2.8586899999999998e-02	
  -3.3385199999999997e-02	
  -3.7479699999999998e-02	
  -3.8797800000000000e-02	
  -3.3421600000000003e-02	
  -2.0782999999999999e-02	
  -3.8390199999999998e-03	
   6.3984899999999997e-03	
   4.0420600000000001e-03	
  -3.5479900000000000e-03	
  -6.2573400000000001e-03	
  -2.5895200000000001e-04	
   7.6621399999999996e-03	
   1.7737500000000000e-02	
   2.4703800000000001e-02	
   2.3056299999999998e-02	
   1.3422200000000000e-02	
   5.2487000000000002e-03	
   1.5489400000000000e-03	
   1.3355299999999999e-03	
   5.2694500000000002e-03	
   1.0533400000000000e-02	
   1.5886200000000000e-02	
   2.4013300000000001e-02	
   3.2804500000000000e-02	
   3.3924200000000002e-02	
   2.4326799999999999e-02	
   1.0650400000000001e-02	
   5.2370799999999999e-03	
   8.9068199999999993e-03	
   1.1239300000000001e-02	
   3.2708799999999999e-03	
  -8.6531300000000002e-03	
  -1.6076900000000002e-02	
  -1.9608400000000002e-02	
  -1.9615700000000000e-02	
  -1.3118500000000000e-02	
  -2.6147900000000001e-03	
   4.0384599999999998e-03	
   1.3719699999999999e-03	
  -3.9516200000000003e-03	
   1.7508600000000000e-04	
   1.2183299999999999e-02	
   1.9955500000000001e-02	
   2.3754800000000000e-02	
   2.7172600000000002e-02	
   2.6490000000000000e-02	
   1.9877200000000001e-02	
   4.9666099999999998e-03	
  -1.0834399999999999e-02	
  -2.0413400000000002e-02	
  -2.2024200000000001e-02	
  -1.6979500000000002e-02	
  -6.3196900000000002e-03	
   5.3478900000000001e-03	
   1.4255300000000000e-02	
   1.2636400000000001e-02	
  -4.6007699999999997e-03	
  -2.3077299999999999e-02	
  -3.0455099999999999e-02	
  -3.1680300000000002e-02	
  -3.1583600000000003e-02	
  -2.9289800000000001e-02	
  -2.1576800000000000e-02	
  -1.0402900000000000e-02	
   2.8589599999999998e-03	
   1.7889499999999999e-02	
   2.5857499999999999e-02	
   2.3118600000000000e-02	
   1.7500300000000000e-02	
   1.5177599999999999e-02	
   1.5841399999999999e-02	
   2.1120699999999999e-02	
   2.6163400000000000e-02	
   2.7788100000000000e-02	
   2.7419700000000002e-02	
   2.8867899999999998e-02	
   3.0917900000000002e-02	
   3.0138499999999999e-02	
   2.5663499999999999e-02	
   1.7655299999999999e-02	
   8.3374499999999997e-03	
  -4.1495700000000000e-03	
  -1.7316900000000000e-02	
  -2.5402600000000001e-02	
  -3.0119300000000002e-02	
  -3.4986900000000001e-02	
  -3.5220700000000001e-02	
  -2.5517600000000001e-02	
  -1.6756000000000000e-02	
  -1.1387899999999999e-02	
  -3.0475099999999998e-03	
   6.5892800000000003e-03	
   1.3244600000000000e-02	
   1.3169000000000000e-02	
   1.3742000000000001e-02	
   1.6126600000000001e-02	
   1.8423499999999999e-02	
   1.7693000000000000e-02	
   1.0160100000000000e-02	
   6.3003000000000000e-03	
   6.9784299999999999e-03	
   4.9372499999999998e-03	
  -7.1065300000000000e-04	
  -7.3357099999999996e-03	
  -1.0851800000000000e-02	
  -1.3634500000000001e-02	
  -1.2815600000000000e-02	
  -1.0643200000000000e-02	
  -8.9460700000000004e-03	
  -6.7195600000000003e-03	
  -3.6689000000000001e-03	
   5.8026799999999999e-04	
   7.3549499999999999e-03	
   1.4627400000000000e-02	
   2.1396999999999999e-02	
   2.9231500000000001e-02	
   3.4812799999999998e-02	
   3.5365399999999998e-02	
   2.7726500000000001e-02	
   1.6872499999999999e-02	
   6.8672200000000003e-03	
  -2.8006299999999999e-04	
  -6.9132700000000000e-03	
  -1.4809200000000000e-02	
  -2.2073800000000001e-02	
  -2.7804300000000001e-02	
  -2.6942600000000001e-02	
  -2.0870600000000000e-02	
  -1.3239100000000000e-02	
  -6.1778099999999997e-03	
   2.2561500000000000e-04	
   1.5831000000000000e-03	
  -3.6302600000000002e-03	
  -8.1041099999999994e-03	
  -1.0288100000000000e-02	
  -8.4124100000000004e-03	
  -5.1281399999999998e-03	
  -2.9857400000000002e-04	
   3.6844000000000000e-03	
   2.2460700000000002e-03	
  -2.6531200000000001e-03	
  -8.7457000000000003e-03	
  -1.1022499999999999e-02	
  -6.1041500000000000e-03	
   2.3790600000000001e-03	
   9.5515800000000005e-03	
   1.2296300000000000e-02	
   8.5588799999999996e-03	
   3.9932400000000003e-03	
   4.9570200000000003e-03	
   7.0172999999999998e-03	
   3.4522899999999998e-03	
  -6.9916099999999997e-03	
  -1.6195200000000000e-02	
  -1.9989699999999999e-02	
  -1.7470400000000001e-02	
  -7.7438000000000003e-03	
   1.9736300000000001e-03	
   6.0066000000000000e-03	
   2.2743099999999999e-03	
  -3.7805099999999999e-03	
  -5.1606800000000000e-03	
  -2.6373000000000000e-03	
  -4.7987899999999998e-03	
  -1.0289599999999999e-02	
  -1.7790700000000000e-02	
  -2.5576499999999999e-02	
  -2.7117800000000001e-02	
  -1.7911400000000001e-02	
   6.9067300000000002e-05	
   1.3028100000000001e-02	
   1.3405400000000000e-02	
   4.1640799999999997e-03	
  -8.4411799999999995e-03	
  -1.7737599999999999e-02	
  -1.9893899999999999e-02	
  -1.7410300000000000e-02	
  -1.2243100000000000e-02	
  -8.7965900000000000e-03	
  -7.8542000000000004e-03	
  -4.5576499999999999e-03	
   1.5581900000000001e-03	
   7.9157600000000009e-03	
   1.3063600000000000e-02	
   1.9939399999999999e-02	
   2.7601500000000001e-02	
   3.2181200000000000e-02	
   3.4394599999999997e-02	
   3.1420200000000002e-02	
   2.4580999999999999e-02	
   1.7943799999999999e-02	
   1.6797200000000002e-02	
   1.9109500000000001e-02	
   1.8671799999999999e-02	
   1.6010600000000000e-02	
   1.0868700000000000e-02	
   5.7992000000000000e-03	
   3.8764300000000002e-03	
   3.7539700000000001e-03	
   4.0099200000000002e-03	
   1.8260300000000000e-03	
  -3.3474700000000000e-03	
  -8.5628000000000006e-03	
  -1.3393600000000000e-02	
  -1.7903100000000002e-02	
  -2.3584500000000001e-02	
  -2.5612300000000001e-02	
  -2.1261100000000002e-02	
  -1.4983000000000000e-02	
  -1.1054100000000001e-02	
  -8.7907300000000001e-03	
  -4.8709299999999999e-03	
  -2.0006999999999998e-03	
  -2.0956099999999999e-03	
  -9.9916299999999996e-04	
   1.9587900000000002e-03	
   7.7411199999999998e-03	
   1.1011200000000001e-02	
   7.2891600000000003e-03	
   4.3382600000000000e-03	
   3.7068299999999999e-03	
   8.8138699999999997e-04	
  -5.1835800000000001e-03	
  -8.5832800000000004e-03	
  -6.7891399999999999e-03	
  -2.4929399999999999e-03	
   1.9427600000000000e-06	
  -1.5280900000000000e-03	
  -3.5936300000000000e-03	
  -5.1889500000000003e-03	
  -1.0151300000000000e-02	
  -1.7896200000000001e-02	
  -2.4217099999999998e-02	
  -2.9325299999999999e-02	
  -3.1464300000000001e-02	
  -2.7943300000000001e-02	
  -2.2249700000000001e-02	
  -1.9230500000000001e-02	
  -1.4844500000000000e-02	
  -6.2745199999999996e-03	
   2.1373899999999999e-03	
   9.3752899999999997e-03	
   1.7094600000000001e-02	
   2.2298599999999998e-02	
   2.2509800000000000e-02	
   1.7813699999999998e-02	
   1.2751400000000000e-02	
   1.1865000000000001e-02	
   1.4271200000000000e-02	
   1.9080400000000001e-02	
   2.3949900000000000e-02	
   2.8038100000000000e-02	
   2.9554799999999999e-02	
   2.7213899999999999e-02	
   2.2840099999999999e-02	
   2.2577000000000000e-02	
   2.5830700000000002e-02	
   2.8747900000000000e-02	
   2.7472900000000001e-02	
   2.1563100000000002e-02	
   1.3408099999999999e-02	
   4.7666999999999996e-03	
   5.8470400000000002e-04	
  -5.9045399999999998e-03	
  -1.5606800000000001e-02	
  -2.4253299999999998e-02	
  -2.8205800000000000e-02	
  -2.6098500000000000e-02	
  -1.8837099999999999e-02	
  -1.0372100000000000e-02	
  -2.5844000000000002e-03	
  -1.0268499999999999e-03	
  -7.0611600000000004e-03	
  -1.3143400000000000e-02	
  -1.6969399999999999e-02	
  -2.2017399999999999e-02	
  -2.5945400000000000e-02	
  -2.1058600000000000e-02	
  -1.3542100000000000e-02	
  -8.1034999999999996e-03	
  -5.2780800000000001e-03	
  -3.1360600000000000e-03	
  -2.0752300000000000e-03	
  -3.5256500000000000e-03	
  -2.7300300000000000e-03	
  -1.2703800000000000e-03	
  -3.5194599999999999e-03	
  -4.8617499999999998e-03	
  -2.7676699999999999e-03	
   2.0141199999999999e-03	
   8.1433300000000007e-03	
   1.2045900000000000e-02	
   1.1565499999999999e-02	
   8.3902700000000000e-03	
   6.3727400000000000e-03	
   1.6522200000000000e-03	
  -2.6450100000000002e-03	
  -5.7957499999999997e-03	
  -9.8247100000000004e-03	
  -8.9138099999999994e-03	
  -7.3572500000000001e-03	
  -5.3600499999999999e-03	
  -4.4246700000000003e-03	
  -4.8673099999999997e-03	
  -6.6940799999999998e-03	
  -7.5110600000000000e-03	
  -4.8273900000000000e-03	
  -4.4999200000000001e-03	
  -4.3060800000000003e-03	
  -7.5414699999999998e-03	
  -1.0308700000000001e-02	
  -1.0467700000000000e-02	
  -8.7489899999999999e-03	
  -4.7566600000000002e-03	
  -2.0678799999999998e-03	
  -1.4568500000000000e-03	
  -1.9290500000000001e-03	
   1.1799700000000000e-03	
   6.0199199999999998e-03	
   1.1046500000000001e-02	
   1.3270199999999999e-02	
   1.1283300000000000e-02	
   7.0320100000000000e-03	
   2.9398300000000000e-03	
   4.0445600000000000e-03	
   2.5441999999999999e-03	
   2.0792200000000001e-05	
  -1.3133000000000001e-03	
  -5.1157900000000003e-03	
  -6.2193600000000002e-03	
  -3.6121700000000001e-03	
  -8.4279799999999996e-04	
  -1.3894500000000000e-03	
  -3.0142300000000001e-03	
  -5.6253600000000003e-03	
  -7.5561400000000003e-03	
  -7.8335000000000002e-03	
  -6.5053799999999998e-03	
  -7.1744299999999999e-03	
  -1.1213500000000000e-02	
  -1.4759000000000000e-02	
  -9.7099000000000005e-03	
   1.5958599999999999e-03	
   7.0825200000000001e-03	
   6.8214900000000004e-03	
   3.1740499999999999e-03	
  -1.8891400000000001e-03	
  -8.7679300000000002e-03	
  -8.0773000000000008e-03	
  -4.4235699999999999e-03	
  -8.2900200000000002e-04	
   7.9390999999999999e-04	
  -9.4305799999999998e-04	
  -3.4116399999999997e-04	
  -1.3488300000000001e-03	
  -2.9766500000000000e-03	
  -1.7260400000000001e-03	
  -1.7961999999999999e-04	
  -5.5081099999999997e-05	
  -2.7661399999999998e-03	
  -8.5453600000000001e-03	
  -9.4112399999999995e-03	
  -8.2177399999999994e-03	
  -9.4865100000000001e-03	
  -1.1917100000000000e-02	
  -8.0613700000000000e-03	
  -3.1795399999999998e-03	
  -4.1841300000000003e-03	
  -4.8704799999999999e-03	
  -4.0431499999999997e-03	
  -8.0822499999999992e-03	
  -1.0225200000000000e-02	
  -6.0318200000000002e-03	
   7.4010000000000005e-05	
   6.2777600000000003e-03	
   1.1244300000000000e-02	
   1.8037600000000001e-02	
   2.1087499999999999e-02	
   1.7154500000000000e-02	
   9.5637699999999992e-03	
   5.0350799999999999e-03	
   3.7959000000000001e-03	
   3.7072799999999999e-03	
   5.4128500000000003e-03	
   4.3072900000000001e-03	
  -1.5259700000000000e-03	
  -7.6591000000000003e-03	
  -3.1169200000000000e-03	
   6.1325700000000004e-03	
   1.1671300000000001e-02	
   1.0140400000000001e-02	
   9.5632100000000008e-03	
   1.0536400000000000e-02	
   5.7935499999999997e-03	
   1.4729599999999999e-03	
  -4.5489800000000002e-03	
  -1.3170899999999999e-02	
  -2.3819600000000000e-02	
  -2.8725600000000000e-02	
  -2.4822000000000000e-02	
  -1.5615300000000000e-02	
  -2.8600700000000001e-03	
   8.4447299999999993e-03	
   1.6729299999999999e-02	
   2.3816400000000001e-02	
   2.7275400000000002e-02	
   2.3957500000000000e-02	
   1.4854100000000000e-02	
   5.2774600000000003e-03	
  -3.1853400000000000e-03	
  -5.5118099999999998e-03	
  -3.8715099999999999e-03	
  -3.0512800000000000e-03	
  -5.2255200000000002e-04	
   3.7983200000000000e-03	
   8.0824699999999996e-03	
   9.4351399999999998e-03	
   1.0003400000000001e-02	
   7.6208600000000001e-03	
   6.8315299999999997e-03	
   8.0189600000000003e-03	
   1.0874099999999999e-02	
   1.1644300000000000e-02	
   7.8603100000000006e-03	
   2.8349199999999999e-03	
  -3.1329399999999999e-03	
  -7.0597799999999999e-03	
  -8.8548199999999994e-03	
  -8.1284200000000008e-03	
  -7.3326600000000004e-03	
  -8.9165600000000005e-03	
  -8.6165200000000008e-03	
  -5.9419099999999999e-03	
  -2.0833200000000001e-04	
   4.6439699999999999e-03	
   7.3267400000000000e-03	
   5.0482200000000000e-03	
   7.0319000000000002e-04	
  -1.6762999999999999e-03	
   2.6537700000000002e-03	
   1.7766299999999999e-02	
   3.1807700000000001e-02	
   2.7305599999999999e-02	
   5.3033799999999999e-03	
  -8.0349900000000005e-03	
  -6.8454900000000001e-03	
   9.4645999999999999e-04	
   8.7710600000000007e-03	
   1.6529400000000000e-02	
   1.6850799999999999e-02	
   1.2913800000000000e-02	
   1.1295200000000000e-02	
   7.3357700000000001e-03	
   3.0162499999999998e-03	
   7.1668100000000000e-03	
   1.4235599999999999e-02	
   1.1684800000000000e-02	
   3.8931500000000002e-03	
  -3.2395300000000000e-03	
  -1.2646800000000000e-02	
  -2.1517600000000001e-02	
  -2.6420500000000000e-02	
  -2.3226699999999999e-02	
  -1.5175700000000000e-02	
  -5.0346499999999999e-03	
   1.8342199999999999e-03	
  -4.9527700000000002e-04	
  -4.7219699999999998e-03	
  -5.9937200000000001e-03	
  -2.6101900000000001e-03	
   3.1203500000000000e-03	
   4.4812300000000001e-03	
   3.3002600000000002e-03	
   4.1756099999999997e-03	
   9.0034599999999996e-03	
   1.1823999999999999e-02	
   9.4628400000000001e-03	
   1.0650300000000000e-02	
   1.2243700000000000e-02	
   1.1810400000000000e-02	
   6.3852600000000002e-03	
  -9.3586700000000003e-05	
  -8.4655500000000005e-03	
  -1.1837500000000001e-02	
  -8.3733599999999998e-03	
  -3.1324000000000000e-03	
  -5.1794099999999995e-04	
  -5.6962799999999997e-03	
  -1.1360100000000000e-02	
  -1.5238000000000000e-02	
  -1.7385899999999999e-02	
  -1.5467099999999999e-02	
  -1.0259799999999999e-02	
  -8.6316599999999993e-03	
  -6.5802400000000002e-03	
  -3.4119100000000002e-03	
  -2.9968900000000001e-04	
   1.0652800000000000e-03	
   2.3578200000000001e-03	
   4.7121799999999998e-03	
   2.7958100000000001e-03	
  -2.9050300000000001e-04	
   1.0214200000000001e-03	
   4.2499299999999999e-03	
   5.8943800000000003e-03	
   1.0115400000000000e-02	
   1.0103300000000001e-02	
   8.5541400000000000e-03	
   4.8344099999999999e-03	
  -1.7780400000000000e-03	
  -6.8298899999999999e-03	
  -8.8094999999999996e-03	
  -8.3411100000000005e-03	
  -7.5503899999999997e-03	
  -6.3996200000000000e-03	
  -4.8806300000000004e-03	
  -3.3942800000000000e-03	
  -2.6688400000000000e-03	
   4.6468100000000003e-03	
   1.3373100000000001e-02	
   1.6708700000000000e-02	
   1.5010700000000000e-02	
   1.0639200000000000e-02	
   4.7090800000000000e-03	
  -2.2138099999999999e-04	
  -3.4494600000000001e-03	
  -5.7554700000000004e-03	
  -3.2348300000000002e-03	
   8.3620700000000005e-04	
   5.1224599999999997e-03	
   7.2932400000000003e-03	
   9.7037200000000007e-03	
   1.2025500000000000e-02	
   1.0591600000000000e-02	
   6.5872600000000002e-03	
   1.9536200000000001e-03	
  -9.3786200000000003e-04	
   1.8092200000000001e-03	
   7.6346599999999997e-03	
   1.2110599999999999e-02	
   1.4361000000000001e-02	
   1.2569100000000000e-02	
   7.1561400000000001e-03	
   1.5902300000000000e-03	
  -1.7286300000000001e-03	
  -4.4885300000000001e-03	
  -9.1497100000000001e-03	
  -1.2552199999999999e-02	
  -1.1565600000000001e-02	
  -9.8599800000000008e-03	
  -8.8621900000000007e-03	
  -9.0629100000000004e-03	
  -9.6134800000000006e-03	
  -1.1237100000000000e-02	
  -1.3799100000000000e-02	
  -1.3895800000000000e-02	
  -1.3263199999999999e-02	
  -1.1369799999999999e-02	
  -6.3471100000000004e-03	
  -1.1469300000000000e-03	
   2.5171400000000002e-03	
   5.2305600000000004e-03	
   7.8348500000000008e-03	
   6.4346200000000003e-03	
   4.3999399999999998e-03	
   3.2323100000000000e-04	
  -1.5257999999999999e-03	
  -4.7304100000000000e-03	
  -7.3607700000000000e-03	
  -6.1294000000000001e-03	
  -6.6993499999999997e-03	
  -7.4855499999999997e-03	
  -1.0492300000000000e-02	
  -1.2782999999999999e-02	
  -1.4192400000000001e-02	
  -1.4555300000000000e-02	
  -1.3618699999999999e-02	
  -1.2905500000000000e-02	
  -1.0758100000000000e-02	
  -7.9059999999999998e-03	
  -6.3043700000000001e-03	
  -3.3441000000000000e-03	
   6.0556300000000004e-04	
   6.7390499999999999e-03	
   9.7380799999999997e-03	
   8.7591100000000005e-03	
   6.0145199999999998e-03	
   4.0165699999999997e-03	
   5.4121600000000001e-03	
   7.7032999999999997e-03	
   1.0606500000000000e-02	
   1.0973900000000000e-02	
   6.3300500000000003e-03	
   9.3855800000000004e-04	
  -2.2299300000000000e-04	
   1.9049500000000001e-03	
   6.2860800000000003e-03	
   1.0326500000000001e-02	
   1.1192700000000000e-02	
   9.9944700000000001e-03	
   7.9669400000000005e-03	
   6.2647900000000001e-03	
   4.9624700000000001e-03	
   1.5395800000000000e-03	
   1.2123900000000000e-03	
  -1.7341600000000000e-03	
  -5.0978899999999999e-03	
  -5.5413700000000003e-03	
  -4.8659000000000003e-03	
  -3.7620300000000000e-03	
  -2.4184599999999999e-03	
  -9.4943700000000002e-04	
  -1.6315900000000000e-03	
  -1.9638799999999999e-03	
  -8.2125600000000003e-04	
   1.7962900000000001e-03	
   4.4811599999999997e-03	
   4.8771400000000003e-03	
   4.8396300000000001e-03	
   4.8827000000000002e-03	
   4.3780199999999998e-03	
   5.0596100000000000e-03	
   4.1877299999999998e-03	
   4.4980400000000000e-03	
   3.8485199999999998e-03	
  -9.6157199999999995e-04	
  -6.0990899999999997e-03	
  -8.6580400000000005e-03	
  -8.5854000000000000e-03	
  -8.9309599999999999e-03	
  -1.0892199999999999e-02	
  -1.3454199999999999e-02	
  -1.4944199999999999e-02	
  -1.3658800000000000e-02	
  -8.6156800000000006e-03	
  -2.4821999999999999e-03	
   1.8703599999999999e-03	
   3.3689599999999998e-03	
   1.7535100000000000e-03	
   9.8974599999999990e-04	
   1.2857700000000001e-03	
   3.9369699999999997e-03	
   6.9421099999999996e-03	
   8.2815900000000001e-03	
   1.1752900000000000e-02	
   1.3161700000000000e-02	
   1.5018300000000000e-02	
   1.3873099999999999e-02	
   1.3490800000000001e-02	
   1.1984500000000000e-02	
   9.4357099999999999e-03	
   1.0950600000000000e-02	
   1.1424100000000000e-02	
   1.1786400000000001e-02	
   1.1070600000000000e-02	
   8.6228299999999997e-03	
   3.6240199999999999e-03	
  -7.2096300000000003e-04	
  -4.3468500000000002e-03	
  -7.6228800000000003e-03	
  -9.3066799999999995e-03	
  -9.8072899999999998e-03	
  -1.1714499999999999e-02	
  -1.2594500000000000e-02	
  -1.2405599999999999e-02	
  -1.1661800000000000e-02	
  -9.2748199999999996e-03	
  -7.5222500000000003e-03	
  -8.9347400000000000e-03	
  -7.3963800000000001e-03	
  -6.9310500000000002e-03	
  -8.3068199999999995e-03	
  -8.1342399999999992e-03	
  -4.2294699999999999e-03	
   1.0828900000000000e-03	
   5.8740399999999996e-03	
   6.6892200000000001e-03	
   5.3807700000000000e-03	
   5.4431899999999997e-03	
   5.5372299999999998e-03	
   8.9136300000000005e-03	
   1.0331600000000000e-02	
   1.1402799999999999e-02	
   9.7873500000000002e-03	
   6.7040900000000002e-03	
   3.9186700000000000e-03	
   8.2622399999999997e-04	
  -1.4430800000000000e-03	
  -5.3494800000000002e-03	
  -7.3331899999999998e-03	
  -7.2462899999999998e-03	
  -5.8945999999999998e-03	
  -1.7858500000000001e-03	
   1.0479100000000000e-03	
   1.6968199999999999e-03	
  -8.4381300000000001e-04	
  -4.8022400000000002e-03	
  -7.6529500000000004e-03	
  -7.7160099999999997e-03	
  -5.2790399999999996e-03	
  -4.5260900000000000e-03	
  -3.2294799999999999e-03	
  -1.0108000000000001e-03	
   1.2650100000000000e-03	
   3.5204099999999999e-03	
   4.1315700000000002e-03	
   4.9834500000000004e-03	
   3.6545800000000002e-03	
   3.6414899999999998e-03	
   3.1663600000000000e-03	
   3.4551899999999999e-03	
   2.7882900000000001e-03	
  -1.1079300000000000e-03	
  -3.1518399999999999e-03	
  -5.8138599999999997e-03	
  -7.3212499999999996e-03	
  -7.4924299999999996e-03	
  -4.4332800000000004e-03	
  -1.1007700000000000e-03	
   3.8525199999999999e-03	
   7.5512100000000000e-03	
   1.0246200000000000e-02	
   1.1852900000000000e-02	
   1.2354900000000000e-02	
   1.2223500000000000e-02	
   1.0311100000000000e-02	
   8.5670999999999994e-03	
   8.0205499999999996e-03	
   7.6239300000000001e-03	
   6.2776899999999998e-03	
   3.2443699999999999e-03	
  -1.5912999999999999e-03	
  -6.2260199999999996e-03	
  -8.9839399999999993e-03	
  -7.5333500000000003e-03	
  -3.5358099999999999e-03	
  -9.7138100000000000e-04	
  -1.2139900000000001e-03	
  -1.8095200000000000e-03	
  -4.3797699999999998e-03	
  -5.6546200000000000e-03	
  -4.3702899999999998e-03	
  -3.3970699999999999e-03	
  -4.6260199999999998e-03	
  -4.2984599999999996e-03	
  -4.5502600000000004e-03	
  -5.9179400000000000e-03	
  -6.6307800000000002e-03	
  -8.9960200000000004e-03	
  -9.8965400000000005e-03	
  -1.1394800000000000e-02	
  -1.2651300000000001e-02	
  -1.2094199999999999e-02	
  -1.0897600000000000e-02	
  -1.0528300000000001e-02	
  -1.0244600000000000e-02	
  -7.1977100000000004e-03	
  -2.7065200000000000e-03	
   2.5517000000000001e-03	
   6.7583100000000000e-03	
   7.1297100000000000e-03	
   5.7487500000000004e-03	
   5.0267100000000002e-03	
   4.1547299999999997e-03	
   4.7158499999999997e-03	
   6.6437700000000002e-03	
   6.2950400000000000e-03	
   4.7967799999999996e-03	
   4.3195300000000002e-03	
   4.2890400000000000e-03	
   3.3456499999999999e-03	
   2.8592200000000000e-03	
   2.3891099999999998e-03	
   2.0434300000000002e-03	
   5.0902800000000000e-03	
   3.9826599999999998e-03	
   1.2236599999999999e-03	
  -1.5200400000000001e-03	
  -5.4673400000000002e-03	
  -7.1910400000000001e-03	
  -7.2429699999999996e-03	
  -4.9845899999999997e-03	
  -1.9316400000000001e-03	
  -1.5918900000000001e-03	
  -3.4237199999999999e-03	
  -4.2692099999999998e-03	
  -3.7978899999999999e-03	
  -3.6805100000000001e-03	
  -5.3501599999999996e-03	
  -6.6617999999999998e-03	
  -7.3726599999999996e-03	
  -9.5400799999999994e-03	
  -1.0379500000000000e-02	
  -7.8344899999999995e-03	
  -3.7289200000000002e-03	
   9.3459200000000004e-04	
   3.0531999999999998e-03	
   4.4037499999999997e-03	
   5.6390399999999997e-03	
   6.6081000000000004e-03	
   6.2827800000000000e-03	
   7.2212500000000002e-03	
   9.7998700000000005e-03	
   1.0986200000000000e-02	
   9.3369000000000004e-03	
   6.9103699999999999e-03	
   6.8726799999999999e-03	
   4.7878599999999997e-03	
   2.1685400000000001e-03	
   1.6531200000000001e-04	
  -9.8010200000000006e-04	
  -2.6793799999999999e-03	
  -6.5839000000000002e-03	
  -1.0114099999999999e-02	
  -1.3870700000000000e-02	
  -1.5260900000000001e-02	
  -1.4423500000000001e-02	
  -1.2197800000000000e-02	
  -9.2866800000000003e-03	
  -6.4520799999999998e-03	
  -3.3910300000000002e-03	
  -9.8686600000000009e-04	
   2.1761800000000002e-03	
   5.5503599999999998e-03	
   6.5907800000000001e-03	
   5.7248100000000003e-03	
   5.4055700000000002e-03	
   6.2338200000000002e-03	
   7.2568900000000002e-03	
   7.2752600000000004e-03	
   7.8760500000000008e-03	
   6.4929300000000001e-03	
   5.3209599999999996e-03	
   3.9500799999999999e-03	
   1.0532800000000000e-03	
  -1.3926900000000000e-03	
  -3.0175499999999999e-03	
  -2.4943000000000001e-03	
  -2.3545699999999998e-03	
  -1.7680800000000000e-03	
   7.1458600000000002e-04	
   3.8571899999999999e-03	
   4.3804300000000003e-03	
   4.3783700000000004e-03	
   6.2765700000000004e-03	
   6.6610799999999998e-03	
   5.6604400000000001e-03	
   3.3470499999999999e-03	
   2.9410600000000001e-03	
   5.2605100000000004e-03	
   5.8041300000000002e-03	
   6.3222499999999997e-03	
   6.4976499999999998e-03	
   6.2232299999999997e-03	
   5.5510000000000004e-03	
   2.8275599999999998e-03	
   3.1192300000000002e-03	
   2.8927400000000000e-03	
   2.8131200000000001e-03	
   1.7808300000000000e-03	
   6.9854800000000001e-04	
   1.3043700000000000e-03	
   1.6613000000000001e-03	
   3.4503200000000002e-03	
   5.7075099999999998e-03	
   6.5326200000000003e-03	
   7.7188100000000004e-03	
   8.9702700000000007e-03	
   7.9981300000000009e-03	
   6.8862500000000000e-03	
   4.9950899999999998e-03	
   1.8279100000000001e-03	
   1.7982400000000000e-03	
   3.9207699999999996e-03	
   5.5832800000000004e-03	
   2.3487600000000001e-03	
  -1.4691999999999999e-03	
  -4.0570399999999996e-03	
  -5.1067200000000004e-03	
  -6.4419999999999998e-03	
  -7.4447699999999999e-03	
  -6.3555199999999999e-03	
  -6.3087200000000003e-03	
  -2.8653099999999998e-03	
   1.3541099999999999e-04	
   1.6958900000000000e-03	
   4.7992700000000000e-04	
   5.1448100000000001e-04	
  -1.5884699999999999e-04	
   1.9564999999999999e-03	
   2.7376900000000001e-03	
   5.8432999999999998e-04	
  -1.3742100000000001e-03	
  -4.8637699999999999e-03	
  -3.4563200000000001e-03	
  -1.0880200000000001e-03	
   2.1028500000000000e-04	
   1.7352300000000000e-05	
  -5.2436699999999999e-06	
  -1.7067600000000001e-03	
  -3.1165600000000000e-03	
  -2.0742899999999999e-03	
  -1.6215800000000001e-03	
  -2.4112299999999999e-03	
  -4.6778399999999999e-03	
  -6.2396300000000003e-03	
  -5.6981899999999997e-03	
  -5.0904499999999998e-03	
  -6.6104400000000004e-03	
  -9.5370100000000003e-03	
  -9.1689800000000002e-03	
  -8.7887099999999999e-03	
  -7.7831799999999998e-03	
  -4.8559900000000001e-03	
  -1.2644699999999999e-04	
   2.4060100000000001e-03	
   4.7864800000000001e-03	
   5.5176100000000000e-03	
   5.6571299999999998e-03	
   5.9007000000000000e-03	
   4.3511000000000001e-03	
   6.5428500000000002e-03	
   6.5762900000000003e-03	
   5.7274200000000004e-03	
   3.0711100000000002e-03	
  -7.8065000000000003e-04	
  -2.8841299999999999e-03	
  -5.5985899999999996e-03	
  -5.4101399999999999e-03	
  -4.2944999999999997e-03	
  -3.9285700000000002e-03	
  -2.4722699999999999e-03	
  -1.0894100000000001e-03	
   2.8740500000000000e-03	
   6.5743499999999996e-03	
   7.4737199999999997e-03	
   8.4036900000000001e-03	
   8.5798799999999998e-03	
   8.6683400000000001e-03	
   7.5164799999999999e-03	
   4.1665199999999999e-03	
   2.5240300000000000e-03	
   2.4301800000000001e-04	
  -4.8807399999999997e-03	
  -7.8084299999999999e-03	
  -8.7083700000000000e-03	
  -6.8604399999999998e-03	
  -5.4745599999999998e-03	
  -5.1668299999999999e-03	
  -4.9111299999999997e-03	
  -6.8086500000000003e-03	
  -6.5672300000000003e-03	
  -4.8264099999999997e-03	
  -2.7806200000000001e-03	
  -2.9125300000000000e-03	
  -3.2657799999999998e-03	
  -2.7867199999999999e-03	
  -2.4749400000000001e-03	
  -2.6405299999999999e-03	
  -1.8738400000000001e-03	
   8.4411000000000002e-04	
   2.5563299999999999e-03	
   3.0231400000000001e-03	
   4.7853300000000000e-03	
   4.9359299999999998e-03	
   4.6366899999999997e-03	
   5.1136799999999998e-03	
   4.6838799999999996e-03	
   5.3312000000000003e-03	
   4.8728399999999998e-03	
   2.6417099999999998e-03	
   1.2612599999999999e-03	
   1.3679600000000001e-03	
   2.6068599999999999e-03	
   5.5399799999999999e-03	
   4.8724900000000002e-03	
   2.7392599999999999e-03	
   6.0092700000000001e-04	
  -1.4511099999999999e-04	
   2.4615900000000000e-03	
   3.1914800000000000e-03	
   3.5939499999999998e-03	
   1.7779200000000001e-03	
   1.1144799999999999e-03	
   2.2350199999999999e-03	
  -8.5296700000000005e-04	
  -2.9862399999999998e-03	
  -3.8914300000000000e-03	
  -4.5171500000000002e-03	
  -7.0614900000000001e-03	
  -8.1645699999999995e-03	
  -5.8139400000000001e-03	
  -3.3470300000000000e-03	
  -2.3234300000000000e-03	
  -5.5217000000000005e-04	
   2.1442300000000000e-03	
   3.7675800000000000e-03	
   2.8480599999999999e-03	
   3.4958599999999998e-04	
  -1.9418300000000001e-03	
  -5.0706800000000002e-03	
  -2.0336299999999998e-03	
   2.3345200000000001e-03	
   4.8992999999999997e-03	
   2.1202999999999999e-03	
  -2.2682700000000002e-03	
  -3.4876999999999998e-03	
  -3.5698300000000000e-03	
  -2.1219699999999999e-03	
  -1.8532300000000000e-03	
  -3.3470599999999998e-03	
  -3.7331700000000001e-03	
  -3.6765999999999999e-03	
  -3.2977200000000001e-03	
  -2.1946499999999998e-03	
  -2.2217299999999999e-03	
  -2.7323099999999999e-03	
  -6.4732200000000000e-03	
  -7.7447200000000001e-03	
  -6.5009100000000004e-03	
  -4.0892000000000003e-03	
  -1.1827900000000000e-03	
   3.2212899999999999e-04	
   1.0253300000000001e-03	
   3.4880200000000001e-03	
   3.5985900000000000e-03	
   3.8458300000000002e-03	
   3.0424699999999998e-03	
   6.4382600000000001e-04	
  -2.4066000000000001e-03	
  -4.6420599999999999e-03	
  -5.5402899999999998e-03	
  -5.3175599999999998e-03	
  -4.9377500000000003e-03	
  -4.5293800000000004e-03	
  -1.8586500000000001e-03	
  -1.5767800000000001e-03	
  -1.5998799999999999e-03	
  -1.6393099999999999e-03	
  -8.5356799999999997e-04	
   7.1553299999999997e-04	
   2.1810800000000001e-04	
  -1.7106199999999999e-03	
  -9.0766700000000002e-04	
  -2.8541599999999998e-04	
   6.5368100000000003e-04	
  -3.5572400000000002e-04	
  -2.2137400000000001e-03	
  -4.0017999999999998e-03	
  -4.0645700000000000e-03	
  -3.1580800000000002e-03	
  -1.7886499999999999e-03	
  -1.6187000000000000e-03	
  -3.3341500000000001e-03	
  -5.4984999999999999e-03	
  -6.9567199999999996e-03	
  -6.9507299999999996e-03	
  -6.7369800000000001e-03	
  -4.3000699999999996e-03	
  -3.2726100000000000e-03	
  -1.2176600000000000e-03	
  -2.3983500000000001e-04	
  -4.6896900000000002e-04	
  -6.4467799999999998e-04	
   1.3211099999999999e-03	
   2.2913999999999999e-03	
   2.2275600000000000e-03	
   2.0276000000000001e-03	
   1.7774900000000001e-03	
   1.9846899999999999e-03	
   1.9900899999999999e-03	
   2.5245500000000000e-03	
   2.3172700000000002e-03	
   3.7490100000000001e-03	
   5.0269399999999997e-03	
   5.7563400000000004e-03	
   6.3096599999999999e-03	
   7.3741700000000002e-03	
   7.5669600000000002e-03	
   7.6094600000000002e-03	
   7.7153100000000004e-03	
   7.5824899999999999e-03	
   7.6496999999999997e-03	
   5.7312999999999999e-03	
   3.9663299999999997e-03	
   2.6147200000000001e-03	
   3.9441299999999998e-04	
  -7.4547700000000003e-04	
  -1.6472300000000000e-03	
  -1.2428599999999999e-03	
  -1.1406100000000000e-03	
  -1.7741000000000000e-03	
  -2.2296400000000002e-03	
  -2.7995799999999999e-03	
  -4.3381399999999999e-03	
  -7.0778500000000001e-03	
  -9.0033800000000001e-03	
  -8.9978200000000001e-03	
  -8.3352300000000008e-03	
  -6.0725500000000003e-03	
  -4.3566300000000002e-03	
  -3.9233999999999996e-03	
  -2.4961400000000000e-03	
  -2.1181899999999998e-03	
  -3.1018899999999999e-03	
  -2.9521999999999999e-03	
  -2.7687400000000000e-03	
  -3.8542799999999999e-03	
  -2.6360600000000000e-03	
  -6.9038400000000005e-04	
   1.4886599999999999e-03	
   3.0698800000000001e-03	
   2.7354499999999999e-03	
   2.7193500000000002e-03	
   2.6762499999999998e-03	
   3.3169200000000001e-03	
   3.0717100000000001e-03	
   2.5100299999999999e-03	
   2.6649400000000002e-03	
   2.7022499999999998e-03	
   3.4291299999999999e-03	
   4.7438599999999999e-03	
   3.4709300000000001e-03	
   3.3078299999999999e-03	
   3.7854799999999999e-03	
   2.6136499999999999e-03	
   2.3833800000000000e-03	
   2.6514899999999998e-03	
   3.5641300000000000e-03	
   2.6007800000000000e-03	
   2.4756499999999998e-03	
   2.2275300000000001e-03	
   2.7500599999999999e-03	
   3.6883699999999998e-03	
   3.6754999999999999e-03	
   3.0062200000000000e-03	
   2.2936499999999999e-03	
   2.0988500000000002e-03	
   1.5010500000000001e-03	
   9.1795899999999998e-04	
   5.9984899999999996e-04	
   3.6940200000000001e-04	
   2.7642200000000002e-04	
   6.6516299999999997e-04	
   1.3215099999999999e-03	
   1.1673300000000001e-03	
   6.2397500000000003e-04	
   3.8080900000000002e-04	
   4.0953700000000002e-04	
   5.8609099999999996e-04	
   2.0425099999999999e-04	
   2.9223399999999999e-04	
   4.0611700000000000e-04	
   3.9041000000000000e-04	
   3.4134200000000001e-04	
   1.6761700000000000e-04	
  -2.6061900000000002e-04	
  -7.8016100000000003e-04	
  -4.1358299999999997e-04	
   2.5248000000000002e-04	
   6.4388100000000001e-04	
   6.4581299999999996e-04	
   9.8027700000000010e-04	
   1.0851200000000000e-03	
   3.5324599999999999e-04	
   1.2518600000000000e-04	
   4.0670300000000001e-04	
   3.6426100000000000e-04	
  -4.1749099999999998e-04	
  -7.3947599999999998e-04	
  -7.6269000000000000e-04	
  -2.0047300000000000e-04	
   1.0495000000000000e-04	
   8.0125499999999996e-04	
   1.9398700000000000e-03	
   1.6519400000000000e-03	
   1.5559199999999999e-03	
   1.4125900000000000e-03	
   1.0973000000000001e-03	
   8.8148299999999996e-04	
   4.8312600000000001e-04	
   4.7233000000000003e-04	
   4.3052100000000001e-04	
   3.7399400000000000e-04	
   4.1142899999999999e-04	
   6.9390299999999995e-04	
   8.0856799999999996e-04	
   5.2645500000000000e-04	
   5.1460099999999995e-04	
   6.5095400000000003e-04	
   4.2537899999999998e-04	
   2.1718400000000001e-04	
   4.8584300000000002e-05	
  -4.1755000000000003e-05	
  -1.8547400000000001e-04	
  -5.3006899999999998e-04	
  -5.7076100000000003e-04	
  -5.7552199999999997e-04	
  -6.0065100000000001e-04	
  -7.0691899999999997e-04	
  -8.6974899999999996e-04	
  -1.0232700000000000e-03	
  -1.1824900000000000e-03	
  -1.1706700000000000e-03	
  -1.2678100000000001e-03	
  -1.0983600000000000e-03	
  -8.4480400000000000e-04	
  -6.9526600000000005e-04	
  -6.6344199999999998e-04	
  -5.3517899999999999e-04	
  -4.4138700000000001e-04	
  -5.2034900000000003e-04	
  -5.6266200000000001e-04	
  -5.7820799999999998e-04	
  -5.4786799999999997e-04	
  -5.4373599999999996e-04	
  -4.5993100000000001e-04	
  -4.8760999999999997e-04	
  -5.2797800000000002e-04	
  -5.2452499999999997e-04	
  -4.9799000000000002e-04	
  -4.4456900000000002e-04	
  -4.0455800000000001e-04	
  -3.6539400000000001e-04	
  -3.5228199999999999e-04	
  -3.4823699999999999e-04	
  -3.3848700000000000e-04	
  -3.0641499999999999e-04	
  -2.9594499999999999e-04	
  -2.9045299999999998e-04	
  -2.9878199999999999e-04	
  -2.9880599999999998e-04	
  -2.8853599999999999e-04	
  -2.7969200000000000e-04	
  -2.6887200000000002e-04	
  -2.6377200000000001e-04	
  -2.5313000000000001e-04	
  -2.4608600000000002e-04	
  -2.4165400000000000e-04	
  -2.4006099999999999e-04	
  -2.4154400000000000e-04	
  -2.4560499999999998e-04	
